"","BOX","Num_Chicks_Banded","X.Successful","with_chicks","w.o_chicks","Total","Years.Up","X","inhabitants","Year"
"1",1,0,0,0,3,3,12,NA,"EMPTY","2002"
"2",1,0,0,0,3,3,12,NA,"EMPTY","2003"
"3",1,0,0,0,3,3,12,NA,"INSECTS","2004"
"4",1,0,0,0,3,3,12,NA,"EMPTY","2005"
"5",1,0,0,0,3,3,12,NA,"EMPTY","2006"
"6",1,0,0,0,3,3,12,NA,"GRACKLE","2007"
"7",1,0,0,0,3,3,12,NA,"TREESWALLOW","2008"
"8",1,0,0,0,3,3,12,NA,"GRACKLE","2009"
"9",1,0,0,0,3,3,12,NA,"EMPTY","2010"
"10",1,0,0,0,3,3,12,NA,"STARLING","2011"
"11",1,0,0,0,3,3,12,NA,"STARLING","2012"
"12",1,0,0,0,3,3,12,NA,"GRACKLE","2013"
"13",2,3,16.7,1,1,2,12,NA,"EMPTY","2002"
"14",2,3,16.7,1,1,2,12,NA,"EMPTY","2003"
"15",2,3,16.7,1,1,2,12,NA,"EMPTY","2004"
"16",2,3,16.7,1,1,2,12,NA,"EMPTY","2005"
"17",2,3,16.7,1,1,2,12,NA,"EMPTY","2006"
"18",2,3,16.7,1,1,2,12,NA,"INSECTS","2007"
"19",2,3,16.7,1,1,2,12,NA,"STARLING","2008"
"20",2,3,16.7,1,1,2,12,NA,"EMPTY","2009"
"21",2,3,16.7,1,1,2,12,NA,"GRACKLE","2010"
"22",2,3,16.7,1,1,2,12,NA,"KESTRELS","2011"
"23",2,3,16.7,1,1,2,12,NA,"STARLING","2012"
"24",2,3,16.7,1,1,2,12,NA,"EMPTY","2013"
"25",3,7,36.4,2,2,4,11,NA,"EMPTY","2002"
"26",3,7,36.4,2,2,4,11,NA,"EMPTY","2003"
"27",3,7,36.4,2,2,4,11,NA,"EMPTY","2004"
"28",3,7,36.4,2,2,4,11,NA,"EMPTY","2005"
"29",3,7,36.4,2,2,4,11,NA,"EMPTY","2006"
"30",3,7,36.4,2,2,4,11,NA,"KESTRELS","2007"
"31",3,7,36.4,2,2,4,11,NA,"KESTRELS","2008"
"32",3,7,36.4,2,2,4,11,NA,"EMPTY","2009"
"33",3,7,36.4,2,2,4,11,NA,"mice","2010"
"34",3,7,36.4,2,2,4,11,NA,"mice","2011"
"35",3,7,36.4,2,2,4,11,NA,"STARLING","2012"
"36",3,7,36.4,2,2,4,11,NA,"Down","2013"
"37",4,0,0,0,5,5,12,NA,"EMPTY","2002"
"38",4,0,0,0,5,5,12,NA,"EMPTY","2003"
"39",4,0,0,0,5,5,12,NA,"SQUIRREL","2004"
"40",4,0,0,0,5,5,12,NA,"KESTRELS","2005"
"41",4,0,0,0,5,5,12,NA,"EMPTY","2006"
"42",4,0,0,0,5,5,12,NA,"EMPTY-MOVED","2007"
"43",4,0,0,0,5,5,12,NA,"EMPTY","2008"
"44",4,0,0,0,5,5,12,NA,"EMPTY","2009"
"45",4,0,0,0,5,5,12,NA,"EMPTY","2010"
"46",4,0,0,0,5,5,12,NA,"EMPTY","2011"
"47",4,0,0,0,5,5,12,NA,"EMPTY","2012"
"48",4,0,0,0,5,5,12,NA,"EMPTY","2013"
"49",5,21,41.6,5,2,7,12,NA,"EMPTY","2002"
"50",5,21,41.6,5,2,7,12,NA,"EMPTY","2003"
"51",5,21,41.6,5,2,7,12,NA,"EMPTY","2004"
"52",5,21,41.6,5,2,7,12,NA,"KESTRELS","2005"
"53",5,21,41.6,5,2,7,12,NA,"EMPTY","2006"
"54",5,21,41.6,5,2,7,12,NA,"STARLING","2007"
"55",5,21,41.6,5,2,7,12,NA,"KESTRELS","2008"
"56",5,21,41.6,5,2,7,12,NA,"KESTRELS","2009"
"57",5,21,41.6,5,2,7,12,NA,"KESTRELS","2010"
"58",5,21,41.6,5,2,7,12,NA,"KESTRELS","2011"
"59",5,21,41.6,5,2,7,12,NA,"KESTRELS","2012"
"60",5,21,41.6,5,2,7,12,NA,"EMPTY","2013"
"61",6,0,0,0,3,3,12,NA,"EMPTY","2002"
"62",6,0,0,0,3,3,12,NA,"EMPTY","2003"
"63",6,0,0,0,3,3,12,NA,"EMPTY","2004"
"64",6,0,0,0,3,3,12,NA,"KESTRELS","2005"
"65",6,0,0,0,3,3,12,NA,"EMPTY","2006"
"66",6,0,0,0,3,3,12,NA,"EMPTY","2007"
"67",6,0,0,0,3,3,12,NA,"INSECTS","2008"
"68",6,0,0,0,3,3,12,NA,"EMPTY","2009"
"69",6,0,0,0,3,3,12,NA,"EMPTY","2010"
"70",6,0,0,0,3,3,12,NA,"GRACKLE","2011"
"71",6,0,0,0,3,3,12,NA,"EMPTY","2012"
"72",6,0,0,0,3,3,12,NA,"EMPTY","2013"
"73",7,15,88.7,6,3,9,12,NA,"EMPTY","2002"
"74",7,15,88.7,6,3,9,12,NA,"EMPTY","2003"
"75",7,15,88.7,6,3,9,12,NA,"EMPTY","2004"
"76",7,15,88.7,6,3,9,12,NA,"SQUIRREL","2005"
"77",7,15,88.7,6,3,9,12,NA,"EMPTY","2006"
"78",7,15,88.7,6,3,9,12,NA,"EMPTY","2007"
"79",7,15,88.7,6,3,9,12,NA,"KESTRELS","2008"
"80",7,15,88.7,6,3,9,12,NA,"KESTRELS","2009"
"81",7,15,88.7,6,3,9,12,NA,"KESTRELS","2010"
"82",7,15,88.7,6,3,9,12,NA,"KESTRELS","2011"
"83",7,15,88.7,6,3,9,12,NA,"KESTRELS","2012"
"84",7,15,88.7,6,3,9,12,NA,"KESTRELS","2013"
"85",8,8,57.1,4,3,7,12,NA,"EMPTY","2002"
"86",8,8,57.1,4,3,7,12,NA,"GRACKLE","2003"
"87",8,8,57.1,4,3,7,12,NA,"EMPTY","2004"
"88",8,8,57.1,4,3,7,12,NA,"EMPTY","2005"
"89",8,8,57.1,4,3,7,12,NA,"KESTRELS","2006"
"90",8,8,57.1,4,3,7,12,NA,"EMPTY","2007"
"91",8,8,57.1,4,3,7,12,NA,"EMPTY","2008"
"92",8,8,57.1,4,3,7,12,NA,"EMPTY","2009"
"93",8,8,57.1,4,3,7,12,NA,"GRACKLE","2010"
"94",8,8,57.1,4,3,7,12,NA,"KESTRELS","2011"
"95",8,8,57.1,4,3,7,12,NA,"KESTRELS","2012"
"96",8,8,57.1,4,3,7,12,NA,"KESTRELS","2013"
"97",9,4,20,1,4,5,12,NA,"EMPTY","2002"
"98",9,4,20,1,4,5,12,NA,"EMPTY","2003"
"99",9,4,20,1,4,5,12,NA,"EMPTY","2004"
"100",9,4,20,1,4,5,12,NA,"EMPTY","2005"
"101",9,4,20,1,4,5,12,NA,"EMPTY","2006"
"102",9,4,20,1,4,5,12,NA,"EMPTY","2007"
"103",9,4,20,1,4,5,12,NA,"EMPTY","2008"
"104",9,4,20,1,4,5,12,NA,"EMPTY","2009"
"105",9,4,20,1,4,5,12,NA,"EMPTY","2010"
"106",9,4,20,1,4,5,12,NA,"EMPTY","2011"
"107",9,4,20,1,4,5,12,NA,"KESTRELS","2012"
"108",9,4,20,1,4,5,12,NA,"EMPTY","2013"
"109",10,4,33.4,1,2,3,12,NA,"EMPTY","2002"
"110",10,4,33.4,1,2,3,12,NA,"GRACKLE","2003"
"111",10,4,33.4,1,2,3,12,NA,"GRACKLE","2004"
"112",10,4,33.4,1,2,3,12,NA,"GRACKLE","2005"
"113",10,4,33.4,1,2,3,12,NA,"EMPTY","2006"
"114",10,4,33.4,1,2,3,12,NA,"GRACKLE","2007"
"115",10,4,33.4,1,2,3,12,NA,"EMPTY","2008"
"116",10,4,33.4,1,2,3,12,NA,"EMPTY","2009"
"117",10,4,33.4,1,2,3,12,NA,"KESTRELS","2010"
"118",10,4,33.4,1,2,3,12,NA,"GRACKLE","2011"
"119",10,4,33.4,1,2,3,12,NA,"STARLING","2012"
"120",10,4,33.4,1,2,3,12,NA,"EMPTY","2013"
"121",11,9,60,3,2,5,12,NA,"EMPTY","2002"
"122",11,9,60,3,2,5,12,NA,"EMPTY","2003"
"123",11,9,60,3,2,5,12,NA,"EMPTY","2004"
"124",11,9,60,3,2,5,12,NA,"EMPTY","2005"
"125",11,9,60,3,2,5,12,NA,"INSECTS","2006"
"126",11,9,60,3,2,5,12,NA,"EMPTY","2007"
"127",11,9,60,3,2,5,12,NA,"EMPTY","2008"
"128",11,9,60,3,2,5,12,NA,"GRACKLE","2009"
"129",11,9,60,3,2,5,12,NA,"KESTRELS","2010"
"130",11,9,60,3,2,5,12,NA,"KESTRELS","2011"
"131",11,9,60,3,2,5,12,NA,"KESTRELS","2012"
"132",11,9,60,3,2,5,12,NA,"EMPTY","2013"
"133",12,0,0,0,3,3,8,NA,"EMPTY","2002"
"134",12,0,0,0,3,3,8,NA,"EMPTY","2003"
"135",12,0,0,0,3,3,8,NA,"MOVE","2004"
"136",12,0,0,0,3,3,8,NA,"DOWN","2005"
"137",12,0,0,0,3,3,8,NA,"DOWN","2006"
"138",12,0,0,0,3,3,8,NA,"MOVED","2007"
"139",12,0,0,0,3,3,8,NA,"EMPTY","2008"
"140",12,0,0,0,3,3,8,NA,"EMPTY","2009"
"141",12,0,0,0,3,3,8,NA,"EMPTY","2010"
"142",12,0,0,0,3,3,8,NA,"EMPTY","2011"
"143",12,0,0,0,3,3,8,NA,"EMPTY","2012"
"144",12,0,0,0,3,3,8,NA,"EMPTY","2013"
"145",13,0,0,0,2,2,12,NA,"EMPTY","2002"
"146",13,0,0,0,2,2,12,NA,"GRACKLE","2003"
"147",13,0,0,0,2,2,12,NA,"EMPTY","2004"
"148",13,0,0,0,2,2,12,NA,"KESTRELS","2005"
"149",13,0,0,0,2,2,12,NA,"EMPTY","2006"
"150",13,0,0,0,2,2,12,NA,"GRACKLE","2007"
"151",13,0,0,0,2,2,12,NA,"EMPTY","2008"
"152",13,0,0,0,2,2,12,NA,"EMPTY","2009"
"153",13,0,0,0,2,2,12,NA,"EMPTY","2010"
"154",13,0,0,0,2,2,12,NA,"down","2011"
"155",13,0,0,0,2,2,12,NA,"EMPTY","2012"
"156",13,0,0,0,2,2,12,NA,"EMPTY","2013"
"157",14,29,77.8,7,2,9,12,NA,"EMPTY","2002"
"158",14,29,77.8,7,2,9,12,NA,"KESTREL ","2003"
"159",14,29,77.8,7,2,9,12,NA,"KESTRELS","2004"
"160",14,29,77.8,7,2,9,12,NA,"EMPTY","2005"
"161",14,29,77.8,7,2,9,12,NA,"EMPTY","2006"
"162",14,29,77.8,7,2,9,12,NA,"KESTRELS","2007"
"163",14,29,77.8,7,2,9,12,NA,"EMPTY","2008"
"164",14,29,77.8,7,2,9,12,NA,"KESTRELS","2009"
"165",14,29,77.8,7,2,9,12,NA,"KESTRELS","2010"
"166",14,29,77.8,7,2,9,12,NA,"KESTRELS","2011"
"167",14,29,77.8,7,2,9,12,NA,"KESTRELS","2012"
"168",14,29,77.8,7,2,9,12,NA,"EMPTY","2013"
"169",15,0,0,0,2,2,12,NA,"GRACKLE","2002"
"170",15,0,0,0,2,2,12,NA,"EMPTY","2003"
"171",15,0,0,0,2,2,12,NA,"EMPTY","2004"
"172",15,0,0,0,2,2,12,NA,"EMPTY","2005"
"173",15,0,0,0,2,2,12,NA,"GRACKLE","2006"
"174",15,0,0,0,2,2,12,NA,"GRACKLE","2007"
"175",15,0,0,0,2,2,12,NA,"STARLING","2008"
"176",15,0,0,0,2,2,12,NA,"GRACKLE","2009"
"177",15,0,0,0,2,2,12,NA,"GRACKLE","2010"
"178",15,0,0,0,2,2,12,NA,"STARLING","2011"
"179",15,0,0,0,2,2,12,NA,"EMPTY","2012"
"180",15,0,0,0,2,2,12,NA,"EMPTY","2013"
"181",16,5,25,1,3,4,11,NA,"EMPTY","2002"
"182",16,5,25,1,3,4,11,NA,"EMPTY","2003"
"183",16,5,25,1,3,4,11,NA,"EMPTY","2004"
"184",16,5,25,1,3,4,11,NA,"KESTRELS","2005"
"185",16,5,25,1,3,4,11,NA,"EMPTY","2006"
"186",16,5,25,1,3,4,11,NA,"MOVED","2007"
"187",16,5,25,1,3,4,11,NA,"EMPTY","2008"
"188",16,5,25,1,3,4,11,NA,"GRACKLE","2009"
"189",16,5,25,1,3,4,11,NA,"KESTRELS","2010"
"190",16,5,25,1,3,4,11,NA,"GRACKLE","2011"
"191",16,5,25,1,3,4,11,NA,"EMPTY","2012"
"192",16,5,25,1,3,4,11,NA,"EMPTY","2013"
"193",17,0,0,0,4,4,12,NA,"EMPTY","2002"
"194",17,0,0,0,4,4,12,NA,"STARLING","2003"
"195",17,0,0,0,4,4,12,NA,"EMPTY","2004"
"196",17,0,0,0,4,4,12,NA,"EMPTY","2005"
"197",17,0,0,0,4,4,12,NA,"EMPTY","2006"
"198",17,0,0,0,4,4,12,NA,"GRACKLE","2007"
"199",17,0,0,0,4,4,12,NA,"EMPTY","2008"
"200",17,0,0,0,4,4,12,NA,"EMPTY","2009"
"201",17,0,0,0,4,4,12,NA,"EMPTY","2010"
"202",17,0,0,0,4,4,12,NA,"EMPTY","2011"
"203",17,0,0,0,4,4,12,NA,"EMPTY","2012"
"204",17,0,0,0,4,4,12,NA,"EMPTY","2013"
"205",18,13,100,3,0,3,12,NA,"EMPTY","2002"
"206",18,13,100,3,0,3,12,NA,"EMPTY","2003"
"207",18,13,100,3,0,3,12,NA,"EMPTY","2004"
"208",18,13,100,3,0,3,12,NA,"EMPTY","2005"
"209",18,13,100,3,0,3,12,NA,"GRACKLE","2006"
"210",18,13,100,3,0,3,12,NA,"KESTRELS","2007"
"211",18,13,100,3,0,3,12,NA,"KESTRELS","2008"
"212",18,13,100,3,0,3,12,NA,"KESTRELS","2009"
"213",18,13,100,3,0,3,12,NA,"EMPTY","2010"
"214",18,13,100,3,0,3,12,NA,"EMPTY","2011"
"215",18,13,100,3,0,3,12,NA,"EMPTY","2012"
"216",18,13,100,3,0,3,12,NA,"EMPTY","2013"
"217",19,0,0,0,0,0,12,NA,"EMPTY","2002"
"218",19,0,0,0,0,0,12,NA,"TREESWALLOW","2003"
"219",19,0,0,0,0,0,12,NA,"SQUIRREL","2004"
"220",19,0,0,0,0,0,12,NA,"STARLING","2005"
"221",19,0,0,0,0,0,12,NA,"GRACKLE","2006"
"222",19,0,0,0,0,0,12,NA,"GRACKLE","2007"
"223",19,0,0,0,0,0,12,NA,"STARLING","2008"
"224",19,0,0,0,0,0,12,NA,"GRACKLE","2009"
"225",19,0,0,0,0,0,12,NA,"GRACKLE","2010"
"226",19,0,0,0,0,0,12,NA,"GRACKLE","2011"
"227",19,0,0,0,0,0,12,NA,"EMPTY","2012"
"228",19,0,0,0,0,0,12,NA,"EMPTY","2013"
"229",20,0,0,0,4,4,11,NA,"EMPTY","2002"
"230",20,0,0,0,4,4,11,NA,"GRACKLE","2003"
"231",20,0,0,0,4,4,11,NA,"EMPTY","2004"
"232",20,0,0,0,4,4,11,NA,"EMPTY","2005"
"233",20,0,0,0,4,4,11,NA,"EMPTY","2006"
"234",20,0,0,0,4,4,11,NA,"MOVED","2007"
"235",20,0,0,0,4,4,11,NA,"EMPTY","2008"
"236",20,0,0,0,4,4,11,NA,"EMPTY","2009"
"237",20,0,0,0,4,4,11,NA,"EMPTY","2010"
"238",20,0,0,0,4,4,11,NA,"EMPTY","2011"
"239",20,0,0,0,4,4,11,NA,"EMPTY","2012"
"240",20,0,0,0,4,4,11,NA,"EMPTY","2013"
"241",21,13,66.7,6,3,9,12,NA,"EMPTY","2002"
"242",21,13,66.7,6,3,9,12,NA,"KESTREL ","2003"
"243",21,13,66.7,6,3,9,12,NA,"EMPTY","2004"
"244",21,13,66.7,6,3,9,12,NA,"EMPTY","2005"
"245",21,13,66.7,6,3,9,12,NA,"EMPTY","2006"
"246",21,13,66.7,6,3,9,12,NA,"EMPTY","2007"
"247",21,13,66.7,6,3,9,12,NA,"EMPTY","2008"
"248",21,13,66.7,6,3,9,12,NA,"KESTRELS","2009"
"249",21,13,66.7,6,3,9,12,NA,"KESTRELS","2010"
"250",21,13,66.7,6,3,9,12,NA,"KESTRELS","2011"
"251",21,13,66.7,6,3,9,12,NA,"KESTRELS","2012"
"252",21,13,66.7,6,3,9,12,NA,"KESTRELS","2013"
"253",22,2,80,4,1,5,12,NA,"EMPTY","2002"
"254",22,2,80,4,1,5,12,NA,"EMPTY","2003"
"255",22,2,80,4,1,5,12,NA,"EMPTY","2004"
"256",22,2,80,4,1,5,12,NA,"EMPTY","2005"
"257",22,2,80,4,1,5,12,NA,"EMPTY","2006"
"258",22,2,80,4,1,5,12,NA,"EMPTY","2007"
"259",22,2,80,4,1,5,12,NA,"GRACKLE","2008"
"260",22,2,80,4,1,5,12,NA,"KESTRELS","2009"
"261",22,2,80,4,1,5,12,NA,"KESTRELS","2010"
"262",22,2,80,4,1,5,12,NA,"STARLING","2011"
"263",22,2,80,4,1,5,12,NA,"KESTRELS","2012"
"264",22,2,80,4,1,5,12,NA,"KESTRELS","2013"
"265",23,3,16.7,1,5,6,12,NA,"EMPTY","2002"
"266",23,3,16.7,1,5,6,12,NA,"EMPTY","2003"
"267",23,3,16.7,1,5,6,12,NA,"EMPTY","2004"
"268",23,3,16.7,1,5,6,12,NA,"EMPTY","2005"
"269",23,3,16.7,1,5,6,12,NA,"EMPTY","2006"
"270",23,3,16.7,1,5,6,12,NA,"EMPTY","2007"
"271",23,3,16.7,1,5,6,12,NA,"EMPTY","2008"
"272",23,3,16.7,1,5,6,12,NA,"GRACKLE","2009"
"273",23,3,16.7,1,5,6,12,NA,"KESTRELS","2010"
"274",23,3,16.7,1,5,6,12,NA,"GRACKLE","2011"
"275",23,3,16.7,1,5,6,12,NA,"STARLING","2012"
"276",23,3,16.7,1,5,6,12,NA,"EMPTY","2013"
"277",24,14,45.5,5,6,11,12,NA,"EMPTY","2002"
"278",24,14,45.5,5,6,11,12,NA,"KESTREL ","2003"
"279",24,14,45.5,5,6,11,12,NA,"EMPTY","2004"
"280",24,14,45.5,5,6,11,12,NA,"KESTRELS","2005"
"281",24,14,45.5,5,6,11,12,NA,"KESTRELS","2006"
"282",24,14,45.5,5,6,11,12,NA,"KESTRELS","2007"
"283",24,14,45.5,5,6,11,12,NA,"EMPTY","2008"
"284",24,14,45.5,5,6,11,12,NA,"EMPTY","2009"
"285",24,14,45.5,5,6,11,12,NA,"EMPTY","2010"
"286",24,14,45.5,5,6,11,12,NA,"KESTRELS","2011"
"287",24,14,45.5,5,6,11,12,NA,"EMPTY","2012"
"288",24,14,45.5,5,6,11,12,NA,"EMPTY","2013"
"289",25,0,0,0,3,3,12,NA,"EMPTY","2002"
"290",25,0,0,0,3,3,12,NA,"GRACKLE","2003"
"291",25,0,0,0,3,3,12,NA,"GRACKLE","2004"
"292",25,0,0,0,3,3,12,NA,"EMPTY","2005"
"293",25,0,0,0,3,3,12,NA,"GRACKLE","2006"
"294",25,0,0,0,3,3,12,NA,"EMPTY","2007"
"295",25,0,0,0,3,3,12,NA,"EMPTY","2008"
"296",25,0,0,0,3,3,12,NA,"GRACKLE","2009"
"297",25,0,0,0,3,3,12,NA,"GRACKLE","2010"
"298",25,0,0,0,3,3,12,NA,"EMPTY","2011"
"299",25,0,0,0,3,3,12,NA,"STARLING","2012"
"300",25,0,0,0,3,3,12,NA,"EMPTY","2013"
"301",26,10,66.7,3,2,5,12,NA,"EMPTY","2002"
"302",26,10,66.7,3,2,5,12,NA,"EMPTY","2003"
"303",26,10,66.7,3,2,5,12,NA,"EMPTY","2004"
"304",26,10,66.7,3,2,5,12,NA,"EMPTY","2005"
"305",26,10,66.7,3,2,5,12,NA,"EMPTY","2006"
"306",26,10,66.7,3,2,5,12,NA,"GRACKLE","2007"
"307",26,10,66.7,3,2,5,12,NA,"KESTRELS","2008"
"308",26,10,66.7,3,2,5,12,NA,"KESTRELS","2009"
"309",26,10,66.7,3,2,5,12,NA,"EMPTY","2010"
"310",26,10,66.7,3,2,5,12,NA,"KESTRELS","2011"
"311",26,10,66.7,3,2,5,12,NA,"EMPTY","2012"
"312",26,10,66.7,3,2,5,12,NA,"EMPTY","2013"
"313",27,16,75,6,2,8,12,NA,"EMPTY","2002"
"314",27,16,75,6,2,8,12,NA,"EMPTY","2003"
"315",27,16,75,6,2,8,12,NA,"EMPTY","2004"
"316",27,16,75,6,2,8,12,NA,"KESTRELS","2005"
"317",27,16,75,6,2,8,12,NA,"KESTRELS","2006"
"318",27,16,75,6,2,8,12,NA,"KESTRELS","2007"
"319",27,16,75,6,2,8,12,NA,"KESTRELS","2008"
"320",27,16,75,6,2,8,12,NA,"KESTRELS","2009"
"321",27,16,75,6,2,8,12,NA,"KESTRELS","2010"
"322",27,16,75,6,2,8,12,NA,"EMPTY","2011"
"323",27,16,75,6,2,8,12,NA,"EMPTY","2012"
"324",27,16,75,6,2,8,12,NA,"EMPTY","2013"
"325",28,4,33.4,1,2,3,12,NA,"EMPTY","2002"
"326",28,4,33.4,1,2,3,12,NA,"EMPTY","2003"
"327",28,4,33.4,1,2,3,12,NA,"EMPTY","2004"
"328",28,4,33.4,1,2,3,12,NA,"INSECTS","2005"
"329",28,4,33.4,1,2,3,12,NA,"EMPTY","2006"
"330",28,4,33.4,1,2,3,12,NA,"MICE","2007"
"331",28,4,33.4,1,2,3,12,NA,"MICE","2008"
"332",28,4,33.4,1,2,3,12,NA,"EMPTY","2009"
"333",28,4,33.4,1,2,3,12,NA,"KESTRELS","2010"
"334",28,4,33.4,1,2,3,12,NA,"EMPTY","2011"
"335",28,4,33.4,1,2,3,12,NA,"EMPTY","2012"
"336",28,4,33.4,1,2,3,12,NA,"EMPTY","2013"
"337",29,0,50,2,2,4,10,NA,"GRACKLE","2002"
"338",29,0,50,2,2,4,10,NA,"STARLING","2003"
"339",29,0,50,2,2,4,10,NA,"KESTRELS","2004"
"340",29,0,50,2,2,4,10,NA,"KESTRELS","2005"
"341",29,0,50,2,2,4,10,NA,"EMPTY","2006"
"342",29,0,50,2,2,4,10,NA,"EMPTY","2007"
"343",29,0,50,2,2,4,10,NA,"MICE","2008"
"344",29,0,50,2,2,4,10,NA,"BROKEN","2009"
"345",29,0,50,2,2,4,10,NA,"Down","2010"
"346",29,0,50,2,2,4,10,NA,"EMPTY","2011"
"347",29,0,50,2,2,4,10,NA,"STARLING","2012"
"348",29,0,50,2,2,4,10,NA,"EMPTY","2013"
"349",30,23,75,6,2,8,10,NA,"STARLING","2002"
"350",30,23,75,6,2,8,10,NA,"GRACKLE","2003"
"351",30,23,75,6,2,8,10,NA,"KESTRELS","2004"
"352",30,23,75,6,2,8,10,NA,"KESTRELS","2005"
"353",30,23,75,6,2,8,10,NA,"DOWN","2006"
"354",30,23,75,6,2,8,10,NA,"MOVED","2007"
"355",30,23,75,6,2,8,10,NA,"KESTRELS","2008"
"356",30,23,75,6,2,8,10,NA,"KESTRELS","2009"
"357",30,23,75,6,2,8,10,NA,"KESTRELS","2010"
"358",30,23,75,6,2,8,10,NA,"KESTRELS","2011"
"359",30,23,75,6,2,8,10,NA,"EMPTY","2012"
"360",30,23,75,6,2,8,10,NA,"EMPTY","2013"
"361",31,0,0,0,3,3,12,NA,"EMPTY","2002"
"362",31,0,0,0,3,3,12,NA,"EMPTY","2003"
"363",31,0,0,0,3,3,12,NA,"EMPTY","2004"
"364",31,0,0,0,3,3,12,NA,"KESTRELS","2005"
"365",31,0,0,0,3,3,12,NA,"EMPTY","2006"
"366",31,0,0,0,3,3,12,NA,"EMPTY","2007"
"367",31,0,0,0,3,3,12,NA,"EMPTY","2008"
"368",31,0,0,0,3,3,12,NA,"EMPTY","2009"
"369",31,0,0,0,3,3,12,NA,"EMPTY","2010"
"370",31,0,0,0,3,3,12,NA,"Ant","2011"
"371",31,0,0,0,3,3,12,NA,"EMPTY","2012"
"372",31,0,0,0,3,3,12,NA,"EMPTY","2013"
"373",32,14,71.4,5,2,7,11,NA,"EMPTY","2002"
"374",32,14,71.4,5,2,7,11,NA,"EMPTY","2003"
"375",32,14,71.4,5,2,7,11,NA,"EMPTY","2004"
"376",32,14,71.4,5,2,7,11,NA,"KESTRELS","2005"
"377",32,14,71.4,5,2,7,11,NA,"KESTRELS","2006"
"378",32,14,71.4,5,2,7,11,NA,"KESTRELS","2007"
"379",32,14,71.4,5,2,7,11,NA,"KESTRELS","2008"
"380",32,14,71.4,5,2,7,11,NA,"EMPTY","2009"
"381",32,14,71.4,5,2,7,11,NA,"EMPTY","2010"
"382",32,14,71.4,5,2,7,11,NA,"KESTRELS","2011"
"383",32,14,71.4,5,2,7,11,NA,"EMPTY","2012"
"384",32,14,71.4,5,2,7,11,NA,"broken","2013"
"385",33,0,0,0,2,2,11,NA,"EMPTY","2002"
"386",33,0,0,0,2,2,11,NA,"STARLING","2003"
"387",33,0,0,0,2,2,11,NA,"EMPTY","2004"
"388",33,0,0,0,2,2,11,NA,"INSECTS","2005"
"389",33,0,0,0,2,2,11,NA,"INSECTS","2006"
"390",33,0,0,0,2,2,11,NA,"MOVED","2007"
"391",33,0,0,0,2,2,11,NA,"EMPTY","2008"
"392",33,0,0,0,2,2,11,NA,"EMPTY","2009"
"393",33,0,0,0,2,2,11,NA,"EMPTY","2010"
"394",33,0,0,0,2,2,11,NA,"Roost","2011"
"395",33,0,0,0,2,2,11,NA,"EMPTY","2012"
"396",33,0,0,0,2,2,11,NA,"EMPTY","2013"
"397",34,4,25,1,3,4,9,NA,"EMPTY","2002"
"398",34,4,25,1,3,4,9,NA,"EMPTY","2003"
"399",34,4,25,1,3,4,9,NA,"INSECTS","2004"
"400",34,4,25,1,3,4,9,NA,"EMPTY","2005"
"401",34,4,25,1,3,4,9,NA,"EMPTY","2006"
"402",34,4,25,1,3,4,9,NA,"MOVED","2007"
"403",34,4,25,1,3,4,9,NA,"KESTRELS","2008"
"404",34,4,25,1,3,4,9,NA,"DOWN","2009"
"405",34,4,25,1,3,4,9,NA,"Down","2010"
"406",34,4,25,1,3,4,9,NA,"EMPTY","2011"
"407",34,4,25,1,3,4,9,NA,"EMPTY","2012"
"408",34,4,25,1,3,4,9,NA,"EMPTY","2013"
"409",35,9,75,3,1,4,12,NA,"EMPTY","2002"
"410",35,9,75,3,1,4,12,NA,"EMPTY","2003"
"411",35,9,75,3,1,4,12,NA,"EMPTY","2004"
"412",35,9,75,3,1,4,12,NA,"EMPTY","2005"
"413",35,9,75,3,1,4,12,NA,"EMPTY","2006"
"414",35,9,75,3,1,4,12,NA,"EMPTY","2007"
"415",35,9,75,3,1,4,12,NA,"EMPTY","2008"
"416",35,9,75,3,1,4,12,NA,"KESTRELS","2009"
"417",35,9,75,3,1,4,12,NA,"EMPTY","2010"
"418",35,9,75,3,1,4,12,NA,"EMPTY","2011"
"419",35,9,75,3,1,4,12,NA,"KESTRELS","2012"
"420",35,9,75,3,1,4,12,NA,"KESTRELS","2013"
"421",36,11,42.9,3,4,7,12,NA,"EMPTY","2002"
"422",36,11,42.9,3,4,7,12,NA,"EMPTY","2003"
"423",36,11,42.9,3,4,7,12,NA,"EMPTY","2004"
"424",36,11,42.9,3,4,7,12,NA,"EMPTY","2005"
"425",36,11,42.9,3,4,7,12,NA,"EMPTY","2006"
"426",36,11,42.9,3,4,7,12,NA,"EMPTY","2007"
"427",36,11,42.9,3,4,7,12,NA,"GRACKLE","2008"
"428",36,11,42.9,3,4,7,12,NA,"STARLING","2009"
"429",36,11,42.9,3,4,7,12,NA,"KESTRELS","2010"
"430",36,11,42.9,3,4,7,12,NA,"KESTRELS","2011"
"431",36,11,42.9,3,4,7,12,NA,"EMPTY","2012"
"432",36,11,42.9,3,4,7,12,NA,"KESTRELS","2013"
"433",37,12,66.7,4,2,6,10,NA,"EMPTY","2002"
"434",37,12,66.7,4,2,6,10,NA,"MOUSE","2003"
"435",37,12,66.7,4,2,6,10,NA,"EMPTY","2004"
"436",37,12,66.7,4,2,6,10,NA,"EMPTY","2005"
"437",37,12,66.7,4,2,6,10,NA,"DOWN","2006"
"438",37,12,66.7,4,2,6,10,NA,"MOVED","2007"
"439",37,12,66.7,4,2,6,10,NA,"STARLING","2008"
"440",37,12,66.7,4,2,6,10,NA,"KESTRELS","2009"
"441",37,12,66.7,4,2,6,10,NA,"KESTRELS","2010"
"442",37,12,66.7,4,2,6,10,NA,"EMPTY","2011"
"443",37,12,66.7,4,2,6,10,NA,"KESTRELS","2012"
"444",37,12,66.7,4,2,6,10,NA,"KESTRELS","2013"
"445",38,0,0,0,2,2,12,NA,"EMPTY","2002"
"446",38,0,0,0,2,2,12,NA,"EMPTY","2003"
"447",38,0,0,0,2,2,12,NA,"GRACKLE","2004"
"448",38,0,0,0,2,2,12,NA,"GRACKLE","2005"
"449",38,0,0,0,2,2,12,NA,"EMPTY","2006"
"450",38,0,0,0,2,2,12,NA,"EMPTY","2007"
"451",38,0,0,0,2,2,12,NA,"EMPTY","2008"
"452",38,0,0,0,2,2,12,NA,"EMPTY","2009"
"453",38,0,0,0,2,2,12,NA,"GRACKLE","2010"
"454",38,0,0,0,2,2,12,NA,"down","2011"
"455",38,0,0,0,2,2,12,NA,"EMPTY","2012"
"456",38,0,0,0,2,2,12,NA,"EMPTY","2013"
"457",39,16,85.7,6,1,7,12,NA,"EMPTY","2002"
"458",39,16,85.7,6,1,7,12,NA,"GRACKLE","2003"
"459",39,16,85.7,6,1,7,12,NA,"GRACKLE","2004"
"460",39,16,85.7,6,1,7,12,NA,"KESTRELS","2005"
"461",39,16,85.7,6,1,7,12,NA,"KESTRELS","2006"
"462",39,16,85.7,6,1,7,12,NA,"KESTRELS","2007"
"463",39,16,85.7,6,1,7,12,NA,"KESTRELS","2008"
"464",39,16,85.7,6,1,7,12,NA,"KESTRELS","2009"
"465",39,16,85.7,6,1,7,12,NA,"KESTRELS","2010"
"466",39,16,85.7,6,1,7,12,NA,"EMPTY","2011"
"467",39,16,85.7,6,1,7,12,NA,"EMPTY","2012"
"468",39,16,85.7,6,1,7,12,NA,"EMPTY","2013"
"469",40,8,75,3,1,4,12,NA,"EMPTY","2002"
"470",40,8,75,3,1,4,12,NA,"KESTRELS","2003"
"471",40,8,75,3,1,4,12,NA,"INSECTS","2004"
"472",40,8,75,3,1,4,12,NA,"INSECTS","2005"
"473",40,8,75,3,1,4,12,NA,"KESTRELS","2006"
"474",40,8,75,3,1,4,12,NA,"EMPTY","2007"
"475",40,8,75,3,1,4,12,NA,"SQUIRREL","2008"
"476",40,8,75,3,1,4,12,NA,"MICE","2009"
"477",40,8,75,3,1,4,12,NA,"KESTRELS","2010"
"478",40,8,75,3,1,4,12,NA,"EMPTY","2011"
"479",40,8,75,3,1,4,12,NA,"STARLING","2012"
"480",40,8,75,3,1,4,12,NA,"EMPTY","2013"
"481",41,0,0,0,2,2,11,NA,"EMPTY","2002"
"482",41,0,0,0,2,2,11,NA,"EMPTY","2003"
"483",41,0,0,0,2,2,11,NA,"GRACKLE","2004"
"484",41,0,0,0,2,2,11,NA,"STARLING","2005"
"485",41,0,0,0,2,2,11,NA,"EMPTY","2006"
"486",41,0,0,0,2,2,11,NA,"EMPTY","2007"
"487",41,0,0,0,2,2,11,NA,"EMPTY","2008"
"488",41,0,0,0,2,2,11,NA,"STARLING","2009"
"489",41,0,0,0,2,2,11,NA,"Down","2010"
"490",41,0,0,0,2,2,11,NA,"GRACKLE","2011"
"491",41,0,0,0,2,2,11,NA,"EMPTY","2012"
"492",41,0,0,0,2,2,11,NA,"EMPTY","2013"
"493",42,4,100,1,0,1,12,NA,"EMPTY","2002"
"494",42,4,100,1,0,1,12,NA,"GRACKLE","2003"
"495",42,4,100,1,0,1,12,NA,"EMPTY","2004"
"496",42,4,100,1,0,1,12,NA,"STARLING","2005"
"497",42,4,100,1,0,1,12,NA,"GRACKLE","2006"
"498",42,4,100,1,0,1,12,NA,"GRACKLE","2007"
"499",42,4,100,1,0,1,12,NA,"GRACKLE","2008"
"500",42,4,100,1,0,1,12,NA,"EMPTY","2009"
"501",42,4,100,1,0,1,12,NA,"KESTRELS","2010"
"502",42,4,100,1,0,1,12,NA,"KESTRELS","2011"
"503",42,4,100,1,0,1,12,NA,"EMPTY","2012"
"504",42,4,100,1,0,1,12,NA,"EMPTY","2013"
"505",43,21,83.3,5,1,6,12,NA,"EMPTY","2002"
"506",43,21,83.3,5,1,6,12,NA,"EMPTY","2003"
"507",43,21,83.3,5,1,6,12,NA,"GRACKLE","2004"
"508",43,21,83.3,5,1,6,12,NA,"GRACKLE","2005"
"509",43,21,83.3,5,1,6,12,NA,"EMPTY","2006"
"510",43,21,83.3,5,1,6,12,NA,"EMPTY","2007"
"511",43,21,83.3,5,1,6,12,NA,"KESTRELS","2008"
"512",43,21,83.3,5,1,6,12,NA,"KESTRELS","2009"
"513",43,21,83.3,5,1,6,12,NA,"KESTRELS","2010"
"514",43,21,83.3,5,1,6,12,NA,"KESTRELS","2011"
"515",43,21,83.3,5,1,6,12,NA,"KESTRELS","2012"
"516",43,21,83.3,5,1,6,12,NA,"KESTRELS","2013"
"517",44,0,0,0,2,2,12,NA,"EMPTY","2002"
"518",44,0,0,0,2,2,12,NA,"EMPTY","2003"
"519",44,0,0,0,2,2,12,NA,"EMPTY","2004"
"520",44,0,0,0,2,2,12,NA,"EMPTY","2005"
"521",44,0,0,0,2,2,12,NA,"EMPTY","2006"
"522",44,0,0,0,2,2,12,NA,"EMPTY","2007"
"523",44,0,0,0,2,2,12,NA,"EMPTY","2008"
"524",44,0,0,0,2,2,12,NA,"EMPTY","2009"
"525",44,0,0,0,2,2,12,NA,"EMPTY","2010"
"526",44,0,0,0,2,2,12,NA,"EMPTY","2011"
"527",44,0,0,0,2,2,12,NA,"EMPTY","2012"
"528",44,0,0,0,2,2,12,NA,"EMPTY","2013"
"529",45,4,40,2,5,7,12,NA,"EMPTY","2002"
"530",45,4,40,2,5,7,12,NA,"EMPTY","2003"
"531",45,4,40,2,5,7,12,NA,"EMPTY","2004"
"532",45,4,40,2,5,7,12,NA,"EMPTY","2005"
"533",45,4,40,2,5,7,12,NA,"EMPTY","2006"
"534",45,4,40,2,5,7,12,NA,"EMPTY","2007"
"535",45,4,40,2,5,7,12,NA,"EMPTY","2008"
"536",45,4,40,2,5,7,12,NA,"EMPTY","2009"
"537",45,4,40,2,5,7,12,NA,"KESTRELS","2010"
"538",45,4,40,2,5,7,12,NA,"EMPTY","2011"
"539",45,4,40,2,5,7,12,NA,"EMPTY","2012"
"540",45,4,40,2,5,7,12,NA,"EMPTY","2013"
"541",46,8,60,3,2,5,11,NA,"EMPTY","2002"
"542",46,8,60,3,2,5,11,NA,"EMPTY","2003"
"543",46,8,60,3,2,5,11,NA,"EMPTY","2004"
"544",46,8,60,3,2,5,11,NA,"EMPTY","2005"
"545",46,8,60,3,2,5,11,NA,"EMPTY","2006"
"546",46,8,60,3,2,5,11,NA,"KESTRELS","2007"
"547",46,8,60,3,2,5,11,NA,"KESTRELS","2008"
"548",46,8,60,3,2,5,11,NA,"KESTRELS","2009"
"549",46,8,60,3,2,5,11,NA,"EMPTY","2010"
"550",46,8,60,3,2,5,11,NA,"INSECTS","2011"
"551",46,8,60,3,2,5,11,NA,"INSECTS","2012"
"552",46,8,60,3,2,5,11,NA,"Down","2013"
"553",47,12,57.1,4,3,7,12,NA,"EMPTY","2002"
"554",47,12,57.1,4,3,7,12,NA,"EMPTY","2003"
"555",47,12,57.1,4,3,7,12,NA,"EMPTY","2004"
"556",47,12,57.1,4,3,7,12,NA,"EMPTY","2005"
"557",47,12,57.1,4,3,7,12,NA,"EMPTY","2006"
"558",47,12,57.1,4,3,7,12,NA,"KESTRELS","2007"
"559",47,12,57.1,4,3,7,12,NA,"EMPTY","2008"
"560",47,12,57.1,4,3,7,12,NA,"KESTRELS","2009"
"561",47,12,57.1,4,3,7,12,NA,"EMPTY","2010"
"562",47,12,57.1,4,3,7,12,NA,"KESTRELS","2011"
"563",47,12,57.1,4,3,7,12,NA,"KESTRELS","2012"
"564",47,12,57.1,4,3,7,12,NA,"KESTRELS","2013"
"565",48,4,100,1,0,1,11,NA,"EMPTY","2002"
"566",48,4,100,1,0,1,11,NA,"EMPTY","2003"
"567",48,4,100,1,0,1,11,NA,"EMPTY","2004"
"568",48,4,100,1,0,1,11,NA,"GRACKLE","2005"
"569",48,4,100,1,0,1,11,NA,"KESTRELS","2006"
"570",48,4,100,1,0,1,11,NA,"MOVED","2007"
"571",48,4,100,1,0,1,11,NA,"EMPTY","2008"
"572",48,4,100,1,0,1,11,NA,"KESTRELS","2009"
"573",48,4,100,1,0,1,11,NA,"EMPTY","2010"
"574",48,4,100,1,0,1,11,NA,"EMPTY","2011"
"575",48,4,100,1,0,1,11,NA,"EMPTY","2012"
"576",48,4,100,1,0,1,11,NA,"EMPTY","2013"
"577",49,10,42.9,5,2,7,12,NA,"EMPTY","2002"
"578",49,10,42.9,5,2,7,12,NA,"KESTRELS","2003"
"579",49,10,42.9,5,2,7,12,NA,"EMPTY","2004"
"580",49,10,42.9,5,2,7,12,NA,"GRACKLE","2005"
"581",49,10,42.9,5,2,7,12,NA,"KESTRELS","2006"
"582",49,10,42.9,5,2,7,12,NA,"KESTRELS","2007"
"583",49,10,42.9,5,2,7,12,NA,"KESTRELS","2008"
"584",49,10,42.9,5,2,7,12,NA,"KESTRELS","2009"
"585",49,10,42.9,5,2,7,12,NA,"EMPTY","2010"
"586",49,10,42.9,5,2,7,12,NA,"EMPTY","2011"
"587",49,10,42.9,5,2,7,12,NA,"GRACKLE","2012"
"588",49,10,42.9,5,2,7,12,NA,"EMPTY","2013"
"589",50,4,25,1,3,4,12,NA,"EMPTY","2002"
"590",50,4,25,1,3,4,12,NA,"EMPTY","2003"
"591",50,4,25,1,3,4,12,NA,"EMPTY","2004"
"592",50,4,25,1,3,4,12,NA,"EMPTY","2005"
"593",50,4,25,1,3,4,12,NA,"EMPTY","2006"
"594",50,4,25,1,3,4,12,NA,"EMPTY","2007"
"595",50,4,25,1,3,4,12,NA,"KESTRELS","2008"
"596",50,4,25,1,3,4,12,NA,"EMPTY","2009"
"597",50,4,25,1,3,4,12,NA,"EMPTY","2010"
"598",50,4,25,1,3,4,12,NA,"Merganser Nest","2011"
"599",50,4,25,1,3,4,12,NA,"EMPTY","2012"
"600",50,4,25,1,3,4,12,NA,"EMPTY","2013"
"601",51,18,60,5,2,7,12,NA,"EMPTY","2002"
"602",51,18,60,5,2,7,12,NA,"EMPTY","2003"
"603",51,18,60,5,2,7,12,NA,"KESTRELS","2004"
"604",51,18,60,5,2,7,12,NA,"KESTRELS","2005"
"605",51,18,60,5,2,7,12,NA,"EMPTY","2006"
"606",51,18,60,5,2,7,12,NA,"KESTRELS","2007"
"607",51,18,60,5,2,7,12,NA,"SQUIRREL","2008"
"608",51,18,60,5,2,7,12,NA,"EMPTY","2009"
"609",51,18,60,5,2,7,12,NA,"KESTRELS","2010"
"610",51,18,60,5,2,7,12,NA,"KESTRELS","2011"
"611",51,18,60,5,2,7,12,NA,"Merganser Nest","2012"
"612",51,18,60,5,2,7,12,NA,"KESTRELS","2013"
"613",52,4,25,1,3,4,12,NA,"GRACKLE","2002"
"614",52,4,25,1,3,4,12,NA,"INSECTS","2003"
"615",52,4,25,1,3,4,12,NA,"MOUSE","2004"
"616",52,4,25,1,3,4,12,NA,"EMPTY","2005"
"617",52,4,25,1,3,4,12,NA,"EMPTY","2006"
"618",52,4,25,1,3,4,12,NA,"EMPTY","2007"
"619",52,4,25,1,3,4,12,NA,"EMPTY","2008"
"620",52,4,25,1,3,4,12,NA,"EMPTY","2009"
"621",52,4,25,1,3,4,12,NA,"EMPTY","2010"
"622",52,4,25,1,3,4,12,NA,"EMPTY","2011"
"623",52,4,25,1,3,4,12,NA,"KESTRELS","2012"
"624",52,4,25,1,3,4,12,NA,"EMPTY","2013"
"625",53,23,83.3,5,1,6,12,NA,"EMPTY","2002"
"626",53,23,83.3,5,1,6,12,NA,"EMPTY","2003"
"627",53,23,83.3,5,1,6,12,NA,"EMPTY","2004"
"628",53,23,83.3,5,1,6,12,NA,"KESTRELS","2005"
"629",53,23,83.3,5,1,6,12,NA,"KESTRELS","2006"
"630",53,23,83.3,5,1,6,12,NA,"EMPTY","2007"
"631",53,23,83.3,5,1,6,12,NA,"MICE","2008"
"632",53,23,83.3,5,1,6,12,NA,"KESTRELS","2009"
"633",53,23,83.3,5,1,6,12,NA,"KESTRELS","2010"
"634",53,23,83.3,5,1,6,12,NA,"EMPTY","2011"
"635",53,23,83.3,5,1,6,12,NA,"KESTRELS","2012"
"636",53,23,83.3,5,1,6,12,NA,"EMPTY","2013"
"637",54,6,100,4,0,4,12,NA,"TREESWALLOW","2002"
"638",54,6,100,4,0,4,12,NA,"EMPTY","2003"
"639",54,6,100,4,0,4,12,NA,"KESTRELS","2004"
"640",54,6,100,4,0,4,12,NA,"KESTRELS","2005"
"641",54,6,100,4,0,4,12,NA,"EMPTY","2006"
"642",54,6,100,4,0,4,12,NA,"KESTRELS","2007"
"643",54,6,100,4,0,4,12,NA,"EMPTY","2008"
"644",54,6,100,4,0,4,12,NA,"EMPTY","2009"
"645",54,6,100,4,0,4,12,NA,"GRACKLE","2010"
"646",54,6,100,4,0,4,12,NA,"EMPTY","2011"
"647",54,6,100,4,0,4,12,NA,"EMPTY","2012"
"648",54,6,100,4,0,4,12,NA,"KESTRELS","2013"
"649",55,4,25,1,3,4,12,NA,"EMPTY","2002"
"650",55,4,25,1,3,4,12,NA,"EMPTY","2003"
"651",55,4,25,1,3,4,12,NA,"EMPTY","2004"
"652",55,4,25,1,3,4,12,NA,"EMPTY","2005"
"653",55,4,25,1,3,4,12,NA,"EMPTY","2006"
"654",55,4,25,1,3,4,12,NA,"EMPTY","2007"
"655",55,4,25,1,3,4,12,NA,"KESTRELS","2008"
"656",55,4,25,1,3,4,12,NA,"INSECTS","2009"
"657",55,4,25,1,3,4,12,NA,"EMPTY","2010"
"658",55,4,25,1,3,4,12,NA,"EMPTY","2011"
"659",55,4,25,1,3,4,12,NA,"EMPTY","2012"
"660",55,4,25,1,3,4,12,NA,"EMPTY","2013"
"661",56,21,75,6,2,8,12,NA,"EMPTY","2002"
"662",56,21,75,6,2,8,12,NA,"EMPTY","2003"
"663",56,21,75,6,2,8,12,NA,"KESTRELS","2004"
"664",56,21,75,6,2,8,12,NA,"EMPTY","2005"
"665",56,21,75,6,2,8,12,NA,"EMPTY","2006"
"666",56,21,75,6,2,8,12,NA,"KESTRELS","2007"
"667",56,21,75,6,2,8,12,NA,"KESTRELS","2008"
"668",56,21,75,6,2,8,12,NA,"EMPTY","2009"
"669",56,21,75,6,2,8,12,NA,"KESTRELS","2010"
"670",56,21,75,6,2,8,12,NA,"KESTRELS","2011"
"671",56,21,75,6,2,8,12,NA,"KESTRELS","2012"
"672",56,21,75,6,2,8,12,NA,"EMPTY","2013"
"673",57,3,40,2,3,5,12,NA,"EMPTY","2002"
"674",57,3,40,2,3,5,12,NA,"EMPTY","2003"
"675",57,3,40,2,3,5,12,NA,"INSECTS","2004"
"676",57,3,40,2,3,5,12,NA,"WOOD DUCK EGGS","2005"
"677",57,3,40,2,3,5,12,NA,"WOOD DUCK EGGS","2006"
"678",57,3,40,2,3,5,12,NA,"EMPTY","2007"
"679",57,3,40,2,3,5,12,NA,"EMPTY","2008"
"680",57,3,40,2,3,5,12,NA,"EMPTY","2009"
"681",57,3,40,2,3,5,12,NA,"EMPTY","2010"
"682",57,3,40,2,3,5,12,NA,"EMPTY","2011"
"683",57,3,40,2,3,5,12,NA,"INSECTS","2012"
"684",57,3,40,2,3,5,12,NA,"KESTRELS","2013"
"685",58,0,0,0,0,0,12,NA,"SQUIRREL","2002"
"686",58,0,0,0,0,0,12,NA,"EMPTY","2003"
"687",58,0,0,0,0,0,12,NA,"EMPTY","2004"
"688",58,0,0,0,0,0,12,NA,"EMPTY","2005"
"689",58,0,0,0,0,0,12,NA,"EMPTY","2006"
"690",58,0,0,0,0,0,12,NA,"EMPTY","2007"
"691",58,0,0,0,0,0,12,NA,"EMPTY","2008"
"692",58,0,0,0,0,0,12,NA,"EMPTY","2009"
"693",58,0,0,0,0,0,12,NA,"EMPTY","2010"
"694",58,0,0,0,0,0,12,NA,"EMPTY","2011"
"695",58,0,0,0,0,0,12,NA,"EMPTY","2012"
"696",58,0,0,0,0,0,12,NA,"EMPTY","2013"
"697",59,4,50,1,1,2,12,NA,"EMPTY","2002"
"698",59,4,50,1,1,2,12,NA,"GREAT CREASTED FLYCATCHER","2003"
"699",59,4,50,1,1,2,12,NA,"MOUSE","2004"
"700",59,4,50,1,1,2,12,NA,"INSECTS","2005"
"701",59,4,50,1,1,2,12,NA,"MICE","2006"
"702",59,4,50,1,1,2,12,NA,"GRACKLE","2007"
"703",59,4,50,1,1,2,12,NA,"GRACKLE","2008"
"704",59,4,50,1,1,2,12,NA,"STARLING","2009"
"705",59,4,50,1,1,2,12,NA,"EMPTY","2010"
"706",59,4,50,1,1,2,12,NA,"EMPTY","2011"
"707",59,4,50,1,1,2,12,NA,"EMPTY","2012"
"708",59,4,50,1,1,2,12,NA,"KESTRELS","2013"
"709",60,13,80,4,1,5,10,NA,"EMPTY","2002"
"710",60,13,80,4,1,5,10,NA,"EMPTY","2003"
"711",60,13,80,4,1,5,10,NA,"KESTRELS","2004"
"712",60,13,80,4,1,5,10,NA,"KESTRELS","2005"
"713",60,13,80,4,1,5,10,NA,"DOWN","2006"
"714",60,13,80,4,1,5,10,NA,"MOVED","2007"
"715",60,13,80,4,1,5,10,NA,"EMPTY","2008"
"716",60,13,80,4,1,5,10,NA,"EMPTY","2009"
"717",60,13,80,4,1,5,10,NA,"EMPTY","2010"
"718",60,13,80,4,1,5,10,NA,"KESTRELS","2011"
"719",60,13,80,4,1,5,10,NA,"KESTRELS","2012"
"720",60,13,80,4,1,5,10,NA,"EMPTY","2013"
"721",61,9,33.3,2,4,6,12,NA,"SQUIRREL","2002"
"722",61,9,33.3,2,4,6,12,NA,"EMPTY","2003"
"723",61,9,33.3,2,4,6,12,NA,"EMPTY","2004"
"724",61,9,33.3,2,4,6,12,NA,"KESTRELS","2005"
"725",61,9,33.3,2,4,6,12,NA,"EMPTY","2006"
"726",61,9,33.3,2,4,6,12,NA,"EMPTY","2007"
"727",61,9,33.3,2,4,6,12,NA,"EMPTY","2008"
"728",61,9,33.3,2,4,6,12,NA,"KESTRELS","2009"
"729",61,9,33.3,2,4,6,12,NA,"EMPTY","2010"
"730",61,9,33.3,2,4,6,12,NA,"squirrel","2011"
"731",61,9,33.3,2,4,6,12,NA,"EMPTY","2012"
"732",61,9,33.3,2,4,6,12,NA,"EMPTY","2013"
"733",62,10,50,3,3,6,12,NA,"GRACKLE","2002"
"734",62,10,50,3,3,6,12,NA,"EMPTY","2003"
"735",62,10,50,3,3,6,12,NA,"STARLING","2004"
"736",62,10,50,3,3,6,12,NA,"GRACKLE","2005"
"737",62,10,50,3,3,6,12,NA,"KESTRELS","2006"
"738",62,10,50,3,3,6,12,NA,"KESTRELS","2007"
"739",62,10,50,3,3,6,12,NA,"EMPTY","2008"
"740",62,10,50,3,3,6,12,NA,"EMPTY","2009"
"741",62,10,50,3,3,6,12,NA,"KESTRELS","2010"
"742",62,10,50,3,3,6,12,NA,"EMPTY","2011"
"743",62,10,50,3,3,6,12,NA,"EMPTY","2012"
"744",62,10,50,3,3,6,12,NA,"EMPTY","2013"
"745",63,4,33.3,2,4,6,11,NA,"EMPTY","2002"
"746",63,4,33.3,2,4,6,11,NA,"EMPTY","2003"
"747",63,4,33.3,2,4,6,11,NA,"EMPTY","2004"
"748",63,4,33.3,2,4,6,11,NA,"KESTRELS","2005"
"749",63,4,33.3,2,4,6,11,NA,"KESTRELS","2006"
"750",63,4,33.3,2,4,6,11,NA,"DOWN","2007"
"751",63,4,33.3,2,4,6,11,NA,"EMPTY","2008"
"752",63,4,33.3,2,4,6,11,NA,"EMPTY","2009"
"753",63,4,33.3,2,4,6,11,NA,"EMPTY","2010"
"754",63,4,33.3,2,4,6,11,NA,"EMPTY","2011"
"755",63,4,33.3,2,4,6,11,NA,"GRACKLE","2012"
"756",63,4,33.3,2,4,6,11,NA,"EMPTY","2013"
"757",64,0,0,0,2,2,12,NA,"EMPTY","2002"
"758",64,0,0,0,2,2,12,NA,"EMPTY","2003"
"759",64,0,0,0,2,2,12,NA,"EMPTY","2004"
"760",64,0,0,0,2,2,12,NA,"EMPTY","2005"
"761",64,0,0,0,2,2,12,NA,"EMPTY","2006"
"762",64,0,0,0,2,2,12,NA,"GRACKLE","2007"
"763",64,0,0,0,2,2,12,NA,"GRACKLE","2008"
"764",64,0,0,0,2,2,12,NA,"STARLING","2009"
"765",64,0,0,0,2,2,12,NA,"GRACKLE","2010"
"766",64,0,0,0,2,2,12,NA,"STARLING","2011"
"767",64,0,0,0,2,2,12,NA,"STARLING","2012"
"768",64,0,0,0,2,2,12,NA,"KESTRELS","2013"
"769",65,0,0,0,2,2,12,NA,"EMPTY","2002"
"770",65,0,0,0,2,2,12,NA,"EMPTY","2003"
"771",65,0,0,0,2,2,12,NA,"EMPTY","2004"
"772",65,0,0,0,2,2,12,NA,"INSECTS","2005"
"773",65,0,0,0,2,2,12,NA,"FLY CATCHER","2006"
"774",65,0,0,0,2,2,12,NA,"INSECTS","2007"
"775",65,0,0,0,2,2,12,NA,"INSECTS","2008"
"776",65,0,0,0,2,2,12,NA,"MICE","2009"
"777",65,0,0,0,2,2,12,NA,"GRACKLE","2010"
"778",65,0,0,0,2,2,12,NA,"EMPTY","2011"
"779",65,0,0,0,2,2,12,NA,"EMPTY","2012"
"780",65,0,0,0,2,2,12,NA,"EMPTY","2013"
"781",66,5,80,4,1,5,12,NA,"EMPTY","2002"
"782",66,5,80,4,1,5,12,NA,"EMPTY","2003"
"783",66,5,80,4,1,5,12,NA,"EMPTY","2004"
"784",66,5,80,4,1,5,12,NA,"EMPTY","2005"
"785",66,5,80,4,1,5,12,NA,"KESTRELS","2006"
"786",66,5,80,4,1,5,12,NA,"GRACKLE","2007"
"787",66,5,80,4,1,5,12,NA,"GRACKLE","2008"
"788",66,5,80,4,1,5,12,NA,"KESTRELS","2009"
"789",66,5,80,4,1,5,12,NA,"KESTRELS","2010"
"790",66,5,80,4,1,5,12,NA,"GRACKLE","2011"
"791",66,5,80,4,1,5,12,NA,"KESTRELS","2012"
"792",66,5,80,4,1,5,12,NA,"EMPTY","2013"
"793",67,11,100,4,0,4,12,NA,"EMPTY","2002"
"794",67,11,100,4,0,4,12,NA,"EMPTY","2003"
"795",67,11,100,4,0,4,12,NA,"STARLING","2004"
"796",67,11,100,4,0,4,12,NA,"EMPTY","2005"
"797",67,11,100,4,0,4,12,NA,"EMPTY","2006"
"798",67,11,100,4,0,4,12,NA,"KESTRELS","2007"
"799",67,11,100,4,0,4,12,NA,"MICE","2008"
"800",67,11,100,4,0,4,12,NA,"KESTRELS","2009"
"801",67,11,100,4,0,4,12,NA,"KESTRELS","2010"
"802",67,11,100,4,0,4,12,NA,"EMPTY","2011"
"803",67,11,100,4,0,4,12,NA,"EMPTY","2012"
"804",67,11,100,4,0,4,12,NA,"EMPTY","2013"
"805",68,6,75,3,1,4,12,NA,"EMPTY","2002"
"806",68,6,75,3,1,4,12,NA,"EMPTY","2003"
"807",68,6,75,3,1,4,12,NA,"GRACKLE","2004"
"808",68,6,75,3,1,4,12,NA,"STARLING","2005"
"809",68,6,75,3,1,4,12,NA,"KESTRELS","2006"
"810",68,6,75,3,1,4,12,NA,"EMPTY","2007"
"811",68,6,75,3,1,4,12,NA,"EMPTY","2008"
"812",68,6,75,3,1,4,12,NA,"EMPTY","2009"
"813",68,6,75,3,1,4,12,NA,"EMPTY","2010"
"814",68,6,75,3,1,4,12,NA,"squirrel","2011"
"815",68,6,75,3,1,4,12,NA,"KESTRELS","2012"
"816",68,6,75,3,1,4,12,NA,"EMPTY","2013"
"817",69,8,66.7,2,1,3,10,NA,"EMPTY","2002"
"818",69,8,66.7,2,1,3,10,NA,"EMPTY","2003"
"819",69,8,66.7,2,1,3,10,NA,"KESTRELS","2004"
"820",69,8,66.7,2,1,3,10,NA,"EMPTY","2005"
"821",69,8,66.7,2,1,3,10,NA,"EMPTY","2006"
"822",69,8,66.7,2,1,3,10,NA,"KESTRELS","2007"
"823",69,8,66.7,2,1,3,10,NA,"EMPTY","2008"
"824",69,8,66.7,2,1,3,10,NA,"DOWN","2009"
"825",69,8,66.7,2,1,3,10,NA,"Down","2010"
"826",69,8,66.7,2,1,3,10,NA,"EMPTY","2011"
"827",69,8,66.7,2,1,3,10,NA,"EMPTY","2012"
"828",69,8,66.7,2,1,3,10,NA,"Tree Swallow","2013"
"829",70,0,50,1,1,2,10,NA,"EMPTY","2002"
"830",70,0,50,1,1,2,10,NA,"EMPTY","2003"
"831",70,0,50,1,1,2,10,NA,"GRACKLE","2004"
"832",70,0,50,1,1,2,10,NA,"GRACKLE","2005"
"833",70,0,50,1,1,2,10,NA,"KESTRELS","2006"
"834",70,0,50,1,1,2,10,NA,"EMPTY","2007"
"835",70,0,50,1,1,2,10,NA,"STARLING","2008"
"836",70,0,50,1,1,2,10,NA,"DOWN","2009"
"837",70,0,50,1,1,2,10,NA,"Down","2010"
"838",70,0,50,1,1,2,10,NA,"GRACKLE","2011"
"839",70,0,50,1,1,2,10,NA,"EMPTY","2012"
"840",70,0,50,1,1,2,10,NA,"INSECTS","2013"
"841",71,5,100,2,0,2,12,NA,"EMPTY","2002"
"842",71,5,100,2,0,2,12,NA,"EMPTY","2003"
"843",71,5,100,2,0,2,12,NA,"MOUSE","2004"
"844",71,5,100,2,0,2,12,NA,"EMPTY","2005"
"845",71,5,100,2,0,2,12,NA,"SQUIRREL","2006"
"846",71,5,100,2,0,2,12,NA,"EMPTY","2007"
"847",71,5,100,2,0,2,12,NA,"KESTRELS","2008"
"848",71,5,100,2,0,2,12,NA,"EMPTY","2009"
"849",71,5,100,2,0,2,12,NA,"EMPTY","2010"
"850",71,5,100,2,0,2,12,NA,"GRACKLE","2011"
"851",71,5,100,2,0,2,12,NA,"KESTRELS","2012"
"852",71,5,100,2,0,2,12,NA,"EMPTY","2013"
"853",72,4,100,1,0,1,11,NA,"EMPTY","2002"
"854",72,4,100,1,0,1,11,NA,"WOODDUCK","2003"
"855",72,4,100,1,0,1,11,NA,"EMPTY","2004"
"856",72,4,100,1,0,1,11,NA,"GRACKLE","2005"
"857",72,4,100,1,0,1,11,NA,"GRACKLE","2006"
"858",72,4,100,1,0,1,11,NA,"KESTRELS","2007"
"859",72,4,100,1,0,1,11,NA,"EMPTY","2008"
"860",72,4,100,1,0,1,11,NA,"STARLING","2009"
"861",72,4,100,1,0,1,11,NA,"Down","2010"
"862",72,4,100,1,0,1,11,NA,"EMPTY","2011"
"863",72,4,100,1,0,1,11,NA,"STARLING","2012"
"864",72,4,100,1,0,1,11,NA,"STARLING","2013"
"865",73,7,50,2,2,4,11,NA,"EMPTY","2002"
"866",73,7,50,2,2,4,11,NA,"EMPTY","2003"
"867",73,7,50,2,2,4,11,NA,"EMPTY","2004"
"868",73,7,50,2,2,4,11,NA,"EMPTY","2005"
"869",73,7,50,2,2,4,11,NA,"EMPTY","2006"
"870",73,7,50,2,2,4,11,NA,"KESTRELS","2007"
"871",73,7,50,2,2,4,11,NA,"STARLING","2008"
"872",73,7,50,2,2,4,11,NA,"EMPTY","2009"
"873",73,7,50,2,2,4,11,NA,"KESTRELS","2010"
"874",73,7,50,2,2,4,11,NA,"down","2011"
"875",73,7,50,2,2,4,11,NA,"Down","2012"
"876",73,7,50,2,2,4,11,NA,"EMPTY","2013"
"877",74,11,75,3,1,4,12,NA,"EMPTY","2002"
"878",74,11,75,3,1,4,12,NA,"EMPTY","2003"
"879",74,11,75,3,1,4,12,NA,"EMPTY","2004"
"880",74,11,75,3,1,4,12,NA,"STARLING","2005"
"881",74,11,75,3,1,4,12,NA,"INSECTS","2006"
"882",74,11,75,3,1,4,12,NA,"EMPTY","2007"
"883",74,11,75,3,1,4,12,NA,"STARLING","2008"
"884",74,11,75,3,1,4,12,NA,"KESTRELS","2009"
"885",74,11,75,3,1,4,12,NA,"GRACKLE","2010"
"886",74,11,75,3,1,4,12,NA,"KESTRELS","2011"
"887",74,11,75,3,1,4,12,NA,"EMPTY","2012"
"888",74,11,75,3,1,4,12,NA,"KESTRELS","2013"
"889",75,5,100,3,0,3,12,NA,"EMPTY","2002"
"890",75,5,100,3,0,3,12,NA,"GRACKLE","2003"
"891",75,5,100,3,0,3,12,NA,"GRACKLE","2004"
"892",75,5,100,3,0,3,12,NA,"KESTRELS","2005"
"893",75,5,100,3,0,3,12,NA,"KESTRELS","2006"
"894",75,5,100,3,0,3,12,NA,"EMPTY","2007"
"895",75,5,100,3,0,3,12,NA,"EMPTY","2008"
"896",75,5,100,3,0,3,12,NA,"SQUIRREL","2009"
"897",75,5,100,3,0,3,12,NA,"KESTRELS","2010"
"898",75,5,100,3,0,3,12,NA,"GRACKLE","2011"
"899",75,5,100,3,0,3,12,NA,"EMPTY","2012"
"900",75,5,100,3,0,3,12,NA,"EMPTY","2013"
"901",76,12,60,5,2,7,12,NA,"KESTRELS","2002"
"902",76,12,60,5,2,7,12,NA,"KESTRELS","2003"
"903",76,12,60,5,2,7,12,NA,"STARLING","2004"
"904",76,12,60,5,2,7,12,NA,"EMPTY","2005"
"905",76,12,60,5,2,7,12,NA,"EMPTY","2006"
"906",76,12,60,5,2,7,12,NA,"EMPTY","2007"
"907",76,12,60,5,2,7,12,NA,"STARLING","2008"
"908",76,12,60,5,2,7,12,NA,"STARLING","2009"
"909",76,12,60,5,2,7,12,NA,"GRACKLE","2010"
"910",76,12,60,5,2,7,12,NA,"KESTRELS","2011"
"911",76,12,60,5,2,7,12,NA,"KESTRELS","2012"
"912",76,12,60,5,2,7,12,NA,"KESTRELS","2013"
"913",77,15,80,4,1,5,12,NA,"EMPTY","2002"
"914",77,15,80,4,1,5,12,NA,"EMPTY","2003"
"915",77,15,80,4,1,5,12,NA,"KESTRELS","2004"
"916",77,15,80,4,1,5,12,NA,"EMPTY","2005"
"917",77,15,80,4,1,5,12,NA,"EMPTY","2006"
"918",77,15,80,4,1,5,12,NA,"KESTRELS","2007"
"919",77,15,80,4,1,5,12,NA,"KESTRELS","2008"
"920",77,15,80,4,1,5,12,NA,"EMPTY","2009"
"921",77,15,80,4,1,5,12,NA,"KESTRELS","2010"
"922",77,15,80,4,1,5,12,NA,"EMPTY","2011"
"923",77,15,80,4,1,5,12,NA,"EMPTY","2012"
"924",77,15,80,4,1,5,12,NA,"EMPTY","2013"
"925",78,7,75,3,1,4,10,NA,"GRACKLE","2002"
"926",78,7,75,3,1,4,10,NA,"GRACKLE","2003"
"927",78,7,75,3,1,4,10,NA,"GRACKLE","2004"
"928",78,7,75,3,1,4,10,NA,"WOOD DUCK EGGS","2005"
"929",78,7,75,3,1,4,10,NA,"KESTRELS","2006"
"930",78,7,75,3,1,4,10,NA,"KESTRELS","2007"
"931",78,7,75,3,1,4,10,NA,"KESTRELS","2008"
"932",78,7,75,3,1,4,10,NA,"DOWN","2009"
"933",78,7,75,3,1,4,10,NA,"Down","2010"
"934",78,7,75,3,1,4,10,NA,"EMPTY","2011"
"935",78,7,75,3,1,4,10,NA,"EMPTY","2012"
"936",78,7,75,3,1,4,10,NA,"EMPTY","2013"
"937",79,0,20,1,4,5,12,NA,"EMPTY","2002"
"938",79,0,20,1,4,5,12,NA,"MOUSE","2003"
"939",79,0,20,1,4,5,12,NA,"EMPTY","2004"
"940",79,0,20,1,4,5,12,NA,"EMPTY","2005"
"941",79,0,20,1,4,5,12,NA,"GRACKLE","2006"
"942",79,0,20,1,4,5,12,NA,"EMPTY","2007"
"943",79,0,20,1,4,5,12,NA,"KESTRELS","2008"
"944",79,0,20,1,4,5,12,NA,"EMPTY","2009"
"945",79,0,20,1,4,5,12,NA,"GRACKLE","2010"
"946",79,0,20,1,4,5,12,NA,"EMPTY","2011"
"947",79,0,20,1,4,5,12,NA,"EMPTY","2012"
"948",79,0,20,1,4,5,12,NA,"EMPTY","2013"
"949",80,17,55.6,5,4,9,12,NA,"GRACKLE","2002"
"950",80,17,55.6,5,4,9,12,NA,"EMPTY","2003"
"951",80,17,55.6,5,4,9,12,NA,"KESTRELS","2004"
"952",80,17,55.6,5,4,9,12,NA,"KESTRELS","2005"
"953",80,17,55.6,5,4,9,12,NA,"KESTRELS","2006"
"954",80,17,55.6,5,4,9,12,NA,"EMPTY","2007"
"955",80,17,55.6,5,4,9,12,NA,"KESTRELS","2008"
"956",80,17,55.6,5,4,9,12,NA,"KESTRELS","2009"
"957",80,17,55.6,5,4,9,12,NA,"EMPTY","2010"
"958",80,17,55.6,5,4,9,12,NA,"EMPTY","2011"
"959",80,17,55.6,5,4,9,12,NA,"EMPTY","2012"
"960",80,17,55.6,5,4,9,12,NA,"GRACKLE","2013"
"961",81,3,100,1,0,1,12,NA,"EMPTY","2002"
"962",81,3,100,1,0,1,12,NA,"EMPTY","2003"
"963",81,3,100,1,0,1,12,NA,"GRACKLE","2004"
"964",81,3,100,1,0,1,12,NA,"KESTRELS","2005"
"965",81,3,100,1,0,1,12,NA,"EMPTY","2006"
"966",81,3,100,1,0,1,12,NA,"EMPTY","2007"
"967",81,3,100,1,0,1,12,NA,"EMPTY","2008"
"968",81,3,100,1,0,1,12,NA,"GRACKLE","2009"
"969",81,3,100,1,0,1,12,NA,"STARLING","2010"
"970",81,3,100,1,0,1,12,NA,"EMPTY","2011"
"971",81,3,100,1,0,1,12,NA,"EMPTY","2012"
"972",81,3,100,1,0,1,12,NA,"EMPTY","2013"
"973",82,12,75,3,1,4,10,NA,"EMPTY","2002"
"974",82,12,75,3,1,4,10,NA,"GRACKLE","2003"
"975",82,12,75,3,1,4,10,NA,"KESTRELS","2004"
"976",82,12,75,3,1,4,10,NA,"KESTRELS","2005"
"977",82,12,75,3,1,4,10,NA,"EMPTY","2006"
"978",82,12,75,3,1,4,10,NA,"EMPTY","2007"
"979",82,12,75,3,1,4,10,NA,"MICE","2008"
"980",82,12,75,3,1,4,10,NA,"DOWN","2009"
"981",82,12,75,3,1,4,10,NA,"Down","2010"
"982",82,12,75,3,1,4,10,NA,"GRACKLE","2011"
"983",82,12,75,3,1,4,10,NA,"KESTRELS","2012"
"984",82,12,75,3,1,4,10,NA,"EMPTY","2013"
"985",83,18,57.1,4,3,7,12,NA,"EMPTY","2002"
"986",83,18,57.1,4,3,7,12,NA,"EMPTY","2003"
"987",83,18,57.1,4,3,7,12,NA,"GRACKLE","2004"
"988",83,18,57.1,4,3,7,12,NA,"EMPTY","2005"
"989",83,18,57.1,4,3,7,12,NA,"EMPTY","2006"
"990",83,18,57.1,4,3,7,12,NA,"KESTRELS","2007"
"991",83,18,57.1,4,3,7,12,NA,"KESTRELS","2008"
"992",83,18,57.1,4,3,7,12,NA,"KESTRELS","2009"
"993",83,18,57.1,4,3,7,12,NA,"KESTRELS","2010"
"994",83,18,57.1,4,3,7,12,NA,"EMPTY","2011"
"995",83,18,57.1,4,3,7,12,NA,"EMPTY","2012"
"996",83,18,57.1,4,3,7,12,NA,"EMPTY","2013"
"997",84,13,66.7,4,2,6,12,NA,"EMPTY","2002"
"998",84,13,66.7,4,2,6,12,NA,"GRACKLE","2003"
"999",84,13,66.7,4,2,6,12,NA,"KESTRELS","2004"
"1000",84,13,66.7,4,2,6,12,NA,"KESTRELS","2005"
"1001",84,13,66.7,4,2,6,12,NA,"EMPTY","2006"
"1002",84,13,66.7,4,2,6,12,NA,"EMPTY","2007"
"1003",84,13,66.7,4,2,6,12,NA,"EMPTY","2008"
"1004",84,13,66.7,4,2,6,12,NA,"STARLING","2009"
"1005",84,13,66.7,4,2,6,12,NA,"KESTRELS","2010"
"1006",84,13,66.7,4,2,6,12,NA,"KESTRELS","2011"
"1007",84,13,66.7,4,2,6,12,NA,"EMPTY","2012"
"1008",84,13,66.7,4,2,6,12,NA,"EMPTY","2013"
"1009",85,3,33.3,2,4,6,12,NA,"EMPTY","2002"
"1010",85,3,33.3,2,4,6,12,NA,"EMPTY","2003"
"1011",85,3,33.3,2,4,6,12,NA,"EMPTY","2004"
"1012",85,3,33.3,2,4,6,12,NA,"EMPTY","2005"
"1013",85,3,33.3,2,4,6,12,NA,"EMPTY","2006"
"1014",85,3,33.3,2,4,6,12,NA,"GRACKLE","2007"
"1015",85,3,33.3,2,4,6,12,NA,"EMPTY","2008"
"1016",85,3,33.3,2,4,6,12,NA,"EMPTY","2009"
"1017",85,3,33.3,2,4,6,12,NA,"GRACKLE","2010"
"1018",85,3,33.3,2,4,6,12,NA,"KESTRELS","2011"
"1019",85,3,33.3,2,4,6,12,NA,"KESTRELS","2012"
"1020",85,3,33.3,2,4,6,12,NA,"EMPTY","2013"
"1021",86,11,57.1,5,2,7,11,NA,"EMPTY","2002"
"1022",86,11,57.1,5,2,7,11,NA,"EMPTY","2003"
"1023",86,11,57.1,5,2,7,11,NA,"EMPTY","2004"
"1024",86,11,57.1,5,2,7,11,NA,"EMPTY","2005"
"1025",86,11,57.1,5,2,7,11,NA,"EMPTY","2006"
"1026",86,11,57.1,5,2,7,11,NA,"KESTRELS","2007"
"1027",86,11,57.1,5,2,7,11,NA,"KESTRELS","2008"
"1028",86,11,57.1,5,2,7,11,NA,"KESTRELS","2009"
"1029",86,11,57.1,5,2,7,11,NA,"EMPTY","2010"
"1030",86,11,57.1,5,2,7,11,NA,"KESTRELS","2011"
"1031",86,11,57.1,5,2,7,11,NA,"EMPTY","2012"
"1032",86,11,57.1,5,2,7,11,NA,"Kestrel (2)","2013"
"1033",87,14,50,3,3,6,12,NA,"EMPTY","2002"
"1034",87,14,50,3,3,6,12,NA,"KESTRELS","2003"
"1035",87,14,50,3,3,6,12,NA,"EMPTY","2004"
"1036",87,14,50,3,3,6,12,NA,"GRACKLE","2005"
"1037",87,14,50,3,3,6,12,NA,"EMPTY","2006"
"1038",87,14,50,3,3,6,12,NA,"GRACKLE","2007"
"1039",87,14,50,3,3,6,12,NA,"GRACKLE","2008"
"1040",87,14,50,3,3,6,12,NA,"GRACKLE","2009"
"1041",87,14,50,3,3,6,12,NA,"GRACKLE","2010"
"1042",87,14,50,3,3,6,12,NA,"KESTRELS","2011"
"1043",87,14,50,3,3,6,12,NA,"KESTRELS","2012"
"1044",87,14,50,3,3,6,12,NA,"EMPTY","2013"
"1045",88,5,100,1,0,1,12,NA,"GRACKLE","2002"
"1046",88,5,100,1,0,1,12,NA,"GRACKLE","2003"
"1047",88,5,100,1,0,1,12,NA,"GRACKLE","2004"
"1048",88,5,100,1,0,1,12,NA,"GRACKLE","2005"
"1049",88,5,100,1,0,1,12,NA,"STARLING","2006"
"1050",88,5,100,1,0,1,12,NA,"KESTRELS","2007"
"1051",88,5,100,1,0,1,12,NA,"GRACKLE","2008"
"1052",88,5,100,1,0,1,12,NA,"STARLING","2009"
"1053",88,5,100,1,0,1,12,NA,"GRACKLE","2010"
"1054",88,5,100,1,0,1,12,NA,"GRACKLE","2011"
"1055",88,5,100,1,0,1,12,NA,"EMPTY","2012"
"1056",88,5,100,1,0,1,12,NA,"EMPTY","2013"
"1057",89,5,40,2,3,5,12,NA,"GRACKLE","2002"
"1058",89,5,40,2,3,5,12,NA,"GRACKLE","2003"
"1059",89,5,40,2,3,5,12,NA,"STARLING","2004"
"1060",89,5,40,2,3,5,12,NA,"GRACKLE","2005"
"1061",89,5,40,2,3,5,12,NA,"GRACKLE","2006"
"1062",89,5,40,2,3,5,12,NA,"EMPTY","2007"
"1063",89,5,40,2,3,5,12,NA,"KESTRELS","2008"
"1064",89,5,40,2,3,5,12,NA,"KESTRELS","2009"
"1065",89,5,40,2,3,5,12,NA,"EMPTY","2010"
"1066",89,5,40,2,3,5,12,NA,"STARLING","2011"
"1067",89,5,40,2,3,5,12,NA,"EMPTY","2012"
"1068",89,5,40,2,3,5,12,NA,"EMPTY","2013"
"1069",90,21,85.7,6,1,7,10,NA,"GRACKLE","2002"
"1070",90,21,85.7,6,1,7,10,NA,"GRACKLE","2003"
"1071",90,21,85.7,6,1,7,10,NA,"EMPTY","2004"
"1072",90,21,85.7,6,1,7,10,NA,"KESTRELS","2005"
"1073",90,21,85.7,6,1,7,10,NA,"DOWN","2006"
"1074",90,21,85.7,6,1,7,10,NA,"MOVED","2007"
"1075",90,21,85.7,6,1,7,10,NA,"GRACKLE","2008"
"1076",90,21,85.7,6,1,7,10,NA,"KESTRELS","2009"
"1077",90,21,85.7,6,1,7,10,NA,"KESTRELS","2010"
"1078",90,21,85.7,6,1,7,10,NA,"KESTRELS","2011"
"1079",90,21,85.7,6,1,7,10,NA,"KESTRELS","2012"
"1080",90,21,85.7,6,1,7,10,NA,"KESTRELS","2013"
"1081",91,10,42.9,3,4,7,12,NA,"EMPTY","2002"
"1082",91,10,42.9,3,4,7,12,NA,"KESTRELS","2003"
"1083",91,10,42.9,3,4,7,12,NA,"EMPTY","2004"
"1084",91,10,42.9,3,4,7,12,NA,"KESTRELS","2005"
"1085",91,10,42.9,3,4,7,12,NA,"EMPTY","2006"
"1086",91,10,42.9,3,4,7,12,NA,"EMPTY","2007"
"1087",91,10,42.9,3,4,7,12,NA,"STARLING","2008"
"1088",91,10,42.9,3,4,7,12,NA,"EMPTY","2009"
"1089",91,10,42.9,3,4,7,12,NA,"GRACKLE","2010"
"1090",91,10,42.9,3,4,7,12,NA,"KESTRELS","2011"
"1091",91,10,42.9,3,4,7,12,NA,"EMPTY","2012"
"1092",91,10,42.9,3,4,7,12,NA,"EMPTY","2013"
"1093",92,12,100,3,0,3,12,NA,"KESTRELS","2002"
"1094",92,12,100,3,0,3,12,NA,"GRACKLE","2003"
"1095",92,12,100,3,0,3,12,NA,"GRACKLE","2004"
"1096",92,12,100,3,0,3,12,NA,"GRACKLE","2005"
"1097",92,12,100,3,0,3,12,NA,"EMPTY","2006"
"1098",92,12,100,3,0,3,12,NA,"GRACKLE","2007"
"1099",92,12,100,3,0,3,12,NA,"GRACKLE","2008"
"1100",92,12,100,3,0,3,12,NA,"STARLING","2009"
"1101",92,12,100,3,0,3,12,NA,"GRACKLE","2010"
"1102",92,12,100,3,0,3,12,NA,"KESTRELS","2011"
"1103",92,12,100,3,0,3,12,NA,"INSECTS","2012"
"1104",92,12,100,3,0,3,12,NA,"KESTRELS","2013"
"1105",93,12,100,3,0,3,9,NA,"EMPTY","2002"
"1106",93,12,100,3,0,3,9,NA,"EMPTY","2003"
"1107",93,12,100,3,0,3,9,NA,"GRACKLE","2004"
"1108",93,12,100,3,0,3,9,NA,"DOWN","2005"
"1109",93,12,100,3,0,3,9,NA,"DOWN","2006"
"1110",93,12,100,3,0,3,9,NA,"MOVED","2007"
"1111",93,12,100,3,0,3,9,NA,"Unknown Bird","2008"
"1112",93,12,100,3,0,3,9,NA,"EMPTY","2009"
"1113",93,12,100,3,0,3,9,NA,"EMPTY","2010"
"1114",93,12,100,3,0,3,9,NA,"KESTRELS","2011"
"1115",93,12,100,3,0,3,9,NA,"KESTRELS","2012"
"1116",93,12,100,3,0,3,9,NA,"KESTRELS","2013"
"1117",94,4,100,2,0,2,10,NA,"EMPTY","2002"
"1118",94,4,100,2,0,2,10,NA,"EMPTY","2003"
"1119",94,4,100,2,0,2,10,NA,"KESTRELS","2004"
"1120",94,4,100,2,0,2,10,NA,"KESTRELS","2005"
"1121",94,4,100,2,0,2,10,NA,"EMPTY","2006"
"1122",94,4,100,2,0,2,10,NA,"EMPTY","2007"
"1123",94,4,100,2,0,2,10,NA,"EMPTY","2008"
"1124",94,4,100,2,0,2,10,NA,"BROKEN","2009"
"1125",94,4,100,2,0,2,10,NA,"Down","2010"
"1126",94,4,100,2,0,2,10,NA,"EMPTY","2011"
"1127",94,4,100,2,0,2,10,NA,"EMPTY","2012"
"1128",94,4,100,2,0,2,10,NA,"EMPTY","2013"
"1129",95,5,100,1,0,1,8,NA,"EMPTY","2002"
"1130",95,5,100,1,0,1,8,NA,"KESTRELS","2003"
"1131",95,5,100,1,0,1,8,NA,"DOWN","2004"
"1132",95,5,100,1,0,1,8,NA,"DOWN","2005"
"1133",95,5,100,1,0,1,8,NA,"DOWN","2006"
"1134",95,5,100,1,0,1,8,NA,"MOVED","2007"
"1135",95,5,100,1,0,1,8,NA,"EMPTY","2008"
"1136",95,5,100,1,0,1,8,NA,"STARLING","2009"
"1137",95,5,100,1,0,1,8,NA,"EMPTY","2010"
"1138",95,5,100,1,0,1,8,NA,"EMPTY","2011"
"1139",95,5,100,1,0,1,8,NA,"GRACKLE","2012"
"1140",95,5,100,1,0,1,8,NA,"EMPTY","2013"
"1141",96,7,50,2,2,4,12,NA,"TREESWALLOW","2002"
"1142",96,7,50,2,2,4,12,NA,"GRACKLE","2003"
"1143",96,7,50,2,2,4,12,NA,"EMPTY","2004"
"1144",96,7,50,2,2,4,12,NA,"EMPTY","2005"
"1145",96,7,50,2,2,4,12,NA,"EMPTY","2006"
"1146",96,7,50,2,2,4,12,NA,"GRACKLE","2007"
"1147",96,7,50,2,2,4,12,NA,"EMPTY","2008"
"1148",96,7,50,2,2,4,12,NA,"EMPTY","2009"
"1149",96,7,50,2,2,4,12,NA,"EMPTY","2010"
"1150",96,7,50,2,2,4,12,NA,"KESTRELS","2011"
"1151",96,7,50,2,2,4,12,NA,"KESTRELS","2012"
"1152",96,7,50,2,2,4,12,NA,"EMPTY","2013"
"1153",97,12,50,3,3,6,11,NA,"EMPTY","2002"
"1154",97,12,50,3,3,6,11,NA,"MOUSE","2003"
"1155",97,12,50,3,3,6,11,NA,"KESTRELS","2004"
"1156",97,12,50,3,3,6,11,NA,"KESTRELS","2005"
"1157",97,12,50,3,3,6,11,NA,"EMPTY","2006"
"1158",97,12,50,3,3,6,11,NA,"EMPTY","2007"
"1159",97,12,50,3,3,6,11,NA,"EMPTY","2008"
"1160",97,12,50,3,3,6,11,NA,"EMPTY","2009"
"1161",97,12,50,3,3,6,11,NA,"KESTRELS","2010"
"1162",97,12,50,3,3,6,11,NA,"EMPTY","2011"
"1163",97,12,50,3,3,6,11,NA,"Down","2012"
"1164",97,12,50,3,3,6,11,NA,"EMPTY","2013"
"1165",98,0,0,0,2,2,10,NA,"EMPTY","2002"
"1166",98,0,0,0,2,2,10,NA,"EMPTY","2003"
"1167",98,0,0,0,2,2,10,NA,"EMPTY","2004"
"1168",98,0,0,0,2,2,10,NA,"EMPTY","2005"
"1169",98,0,0,0,2,2,10,NA,"DOWN","2006"
"1170",98,0,0,0,2,2,10,NA,"MOVED","2007"
"1171",98,0,0,0,2,2,10,NA,"SQUIRREL","2008"
"1172",98,0,0,0,2,2,10,NA,"MICE","2009"
"1173",98,0,0,0,2,2,10,NA,"EMPTY","2010"
"1174",98,0,0,0,2,2,10,NA,"EMPTY","2011"
"1175",98,0,0,0,2,2,10,NA,"EMPTY","2012"
"1176",98,0,0,0,2,2,10,NA,"Squirrel","2013"
"1177",99,0,0,0,5,5,12,NA,"EMPTY","2002"
"1178",99,0,0,0,5,5,12,NA,"EMPTY","2003"
"1179",99,0,0,0,5,5,12,NA,"EMPTY","2004"
"1180",99,0,0,0,5,5,12,NA,"KESTRELS","2005"
"1181",99,0,0,0,5,5,12,NA,"EMPTY","2006"
"1182",99,0,0,0,5,5,12,NA,"GRACKLE","2007"
"1183",99,0,0,0,5,5,12,NA,"EMPTY","2008"
"1184",99,0,0,0,5,5,12,NA,"EMPTY","2009"
"1185",99,0,0,0,5,5,12,NA,"EMPTY","2010"
"1186",99,0,0,0,5,5,12,NA,"EMPTY","2011"
"1187",99,0,0,0,5,5,12,NA,"EMPTY","2012"
"1188",99,0,0,0,5,5,12,NA,"EMPTY","2013"
"1189",100,3,100,1,0,1,11,NA,"EMPTY","2002"
"1190",100,3,100,1,0,1,11,NA,"EMPTY","2003"
"1191",100,3,100,1,0,1,11,NA,"GRACKLE","2004"
"1192",100,3,100,1,0,1,11,NA,"EMPTY","2005"
"1193",100,3,100,1,0,1,11,NA,"EMPTY","2006"
"1194",100,3,100,1,0,1,11,NA,"EMPTY","2007"
"1195",100,3,100,1,0,1,11,NA,"EMPTY","2008"
"1196",100,3,100,1,0,1,11,NA,"EMPTY","2009"
"1197",100,3,100,1,0,1,11,NA,"Down","2010"
"1198",100,3,100,1,0,1,11,NA,"EMPTY","2011"
"1199",100,3,100,1,0,1,11,NA,"EMPTY","2012"
"1200",100,3,100,1,0,1,11,NA,"KESTRELS","2013"
"1201",101,7,33.4,2,4,6,12,NA,"GRACKLE","2002"
"1202",101,7,33.4,2,4,6,12,NA,"EMPTY","2003"
"1203",101,7,33.4,2,4,6,12,NA,"EMPTY","2004"
"1204",101,7,33.4,2,4,6,12,NA,"EMPTY","2005"
"1205",101,7,33.4,2,4,6,12,NA,"EMPTY","2006"
"1206",101,7,33.4,2,4,6,12,NA,"EMPTY","2007"
"1207",101,7,33.4,2,4,6,12,NA,"GRACKLE","2008"
"1208",101,7,33.4,2,4,6,12,NA,"EMPTY","2009"
"1209",101,7,33.4,2,4,6,12,NA,"KESTRELS","2010"
"1210",101,7,33.4,2,4,6,12,NA,"KESTRELS","2011"
"1211",101,7,33.4,2,4,6,12,NA,"EMPTY","2012"
"1212",101,7,33.4,2,4,6,12,NA,"EMPTY","2013"
"1213",102,0,0,0,0,0,12,NA,"GRACKLE","2002"
"1214",102,0,0,0,0,0,12,NA,"GRACKLE","2003"
"1215",102,0,0,0,0,0,12,NA,"GRACKLE","2004"
"1216",102,0,0,0,0,0,12,NA,"GRACKLE","2005"
"1217",102,0,0,0,0,0,12,NA,"GRACKLE","2006"
"1218",102,0,0,0,0,0,12,NA,"GRACKLE","2007"
"1219",102,0,0,0,0,0,12,NA,"GRACKLE","2008"
"1220",102,0,0,0,0,0,12,NA,"GRACKLE","2009"
"1221",102,0,0,0,0,0,12,NA,"GRACKLE","2010"
"1222",102,0,0,0,0,0,12,NA,"GRACKLE","2011"
"1223",102,0,0,0,0,0,12,NA,"GRACKLE","2012"
"1224",102,0,0,0,0,0,12,NA,"EMPTY","2013"
"1225",103,5,25,1,3,4,11,NA,"EMPTY","2002"
"1226",103,5,25,1,3,4,11,NA,"EMPTY","2003"
"1227",103,5,25,1,3,4,11,NA,"MOUSE","2004"
"1228",103,5,25,1,3,4,11,NA,"EMPTY","2005"
"1229",103,5,25,1,3,4,11,NA,"EMPTY","2006"
"1230",103,5,25,1,3,4,11,NA,"MOVED","2007"
"1231",103,5,25,1,3,4,11,NA,"EMPTY","2008"
"1232",103,5,25,1,3,4,11,NA,"EMPTY","2009"
"1233",103,5,25,1,3,4,11,NA,"INSECTS","2010"
"1234",103,5,25,1,3,4,11,NA,"EMPTY","2011"
"1235",103,5,25,1,3,4,11,NA,"KESTRELS","2012"
"1236",103,5,25,1,3,4,11,NA,"EMPTY","2013"
"1237",104,4,33.4,1,2,3,12,NA,"GRACKLE","2002"
"1238",104,4,33.4,1,2,3,12,NA,"GRACKLE","2003"
"1239",104,4,33.4,1,2,3,12,NA,"EMPTY","2004"
"1240",104,4,33.4,1,2,3,12,NA,"EMPTY","2005"
"1241",104,4,33.4,1,2,3,12,NA,"EMPTY","2006"
"1242",104,4,33.4,1,2,3,12,NA,"EMPTY","2007"
"1243",104,4,33.4,1,2,3,12,NA,"GRACKLE","2008"
"1244",104,4,33.4,1,2,3,12,NA,"GRACKLE","2009"
"1245",104,4,33.4,1,2,3,12,NA,"KESTRELS","2010"
"1246",104,4,33.4,1,2,3,12,NA,"EMPTY","2011"
"1247",104,4,33.4,1,2,3,12,NA,"EMPTY","2012"
"1248",104,4,33.4,1,2,3,12,NA,"EMPTY","2013"
"1249",105,21,83.3,5,1,6,12,NA,"EMPTY","2002"
"1250",105,21,83.3,5,1,6,12,NA,"KESTRELS","2003"
"1251",105,21,83.3,5,1,6,12,NA,"EMPTY","2004"
"1252",105,21,83.3,5,1,6,12,NA,"GRACKLE","2005"
"1253",105,21,83.3,5,1,6,12,NA,"HOUSE SPARROW","2006"
"1254",105,21,83.3,5,1,6,12,NA,"SPARROW","2007"
"1255",105,21,83.3,5,1,6,12,NA,"GRACKLE","2008"
"1256",105,21,83.3,5,1,6,12,NA,"EMPTY","2009"
"1257",105,21,83.3,5,1,6,12,NA,"KESTRELS","2010"
"1258",105,21,83.3,5,1,6,12,NA,"KESTRELS","2011"
"1259",105,21,83.3,5,1,6,12,NA,"KESTRELS","2012"
"1260",105,21,83.3,5,1,6,12,NA,"KESTRELS","2013"
"1261",106,5,33.4,1,2,3,12,NA,"GRACKLE","2002"
"1262",106,5,33.4,1,2,3,12,NA,"EMPTY","2003"
"1263",106,5,33.4,1,2,3,12,NA,"GRACKLE","2004"
"1264",106,5,33.4,1,2,3,12,NA,"EMPTY","2005"
"1265",106,5,33.4,1,2,3,12,NA,"EMPTY","2006"
"1266",106,5,33.4,1,2,3,12,NA,"GRACKLE","2007"
"1267",106,5,33.4,1,2,3,12,NA,"EMPTY","2008"
"1268",106,5,33.4,1,2,3,12,NA,"EMPTY","2009"
"1269",106,5,33.4,1,2,3,12,NA,"EMPTY","2010"
"1270",106,5,33.4,1,2,3,12,NA,"KESTRELS","2011"
"1271",106,5,33.4,1,2,3,12,NA,"GRACKLE","2012"
"1272",106,5,33.4,1,2,3,12,NA,"EMPTY","2013"
"1273",107,3,100,1,0,1,12,NA,"KESTRELS","2002"
"1274",107,3,100,1,0,1,12,NA,"GRACKLE","2003"
"1275",107,3,100,1,0,1,12,NA,"GRACKLE","2004"
"1276",107,3,100,1,0,1,12,NA,"GRACKLE","2005"
"1277",107,3,100,1,0,1,12,NA,"EMPTY","2006"
"1278",107,3,100,1,0,1,12,NA,"GRACKLE","2007"
"1279",107,3,100,1,0,1,12,NA,"GRACKLE","2008"
"1280",107,3,100,1,0,1,12,NA,"STARLING","2009"
"1281",107,3,100,1,0,1,12,NA,"GRACKLE","2010"
"1282",107,3,100,1,0,1,12,NA,"STARLING","2011"
"1283",107,3,100,1,0,1,12,NA,"STARLING","2012"
"1284",107,3,100,1,0,1,12,NA,"EMPTY","2013"
"1285",108,3,25,1,3,4,12,NA,"KESTRELS","2002"
"1286",108,3,25,1,3,4,12,NA,"EMPTY","2003"
"1287",108,3,25,1,3,4,12,NA,"EMPTY","2004"
"1288",108,3,25,1,3,4,12,NA,"GRACKLE","2005"
"1289",108,3,25,1,3,4,12,NA,"GRACKLE","2006"
"1290",108,3,25,1,3,4,12,NA,"GRACKLE","2007"
"1291",108,3,25,1,3,4,12,NA,"EMPTY","2008"
"1292",108,3,25,1,3,4,12,NA,"GRACKLE","2009"
"1293",108,3,25,1,3,4,12,NA,"EMPTY","2010"
"1294",108,3,25,1,3,4,12,NA,"EMPTY","2011"
"1295",108,3,25,1,3,4,12,NA,"GRACKLE","2012"
"1296",108,3,25,1,3,4,12,NA,"GRACKLE","2013"
"1297",109,5,100,1,0,1,12,NA,"EMPTY","2002"
"1298",109,5,100,1,0,1,12,NA,"GRACKLE","2003"
"1299",109,5,100,1,0,1,12,NA,"GRACKLE","2004"
"1300",109,5,100,1,0,1,12,NA,"EMPTY","2005"
"1301",109,5,100,1,0,1,12,NA,"EMPTY","2006"
"1302",109,5,100,1,0,1,12,NA,"GRACKLE","2007"
"1303",109,5,100,1,0,1,12,NA,"EMPTY","2008"
"1304",109,5,100,1,0,1,12,NA,"GRACKLE","2009"
"1305",109,5,100,1,0,1,12,NA,"GRACKLE","2010"
"1306",109,5,100,1,0,1,12,NA,"down","2011"
"1307",109,5,100,1,0,1,12,NA,"KESTRELS","2012"
"1308",109,5,100,1,0,1,12,NA,"EMPTY","2013"
"1309",110,13,57.1,4,3,7,12,NA,"STARLING","2002"
"1310",110,13,57.1,4,3,7,12,NA,"EMPTY","2003"
"1311",110,13,57.1,4,3,7,12,NA,"GRACKLE","2004"
"1312",110,13,57.1,4,3,7,12,NA,"EMPTY","2005"
"1313",110,13,57.1,4,3,7,12,NA,"GRACKLE","2006"
"1314",110,13,57.1,4,3,7,12,NA,"KESTRELS","2007"
"1315",110,13,57.1,4,3,7,12,NA,"EMPTY","2008"
"1316",110,13,57.1,4,3,7,12,NA,"GRACKLE","2009"
"1317",110,13,57.1,4,3,7,12,NA,"KESTRELS","2010"
"1318",110,13,57.1,4,3,7,12,NA,"KESTRELS","2011"
"1319",110,13,57.1,4,3,7,12,NA,"KESTRELS","2012"
"1320",110,13,57.1,4,3,7,12,NA,"EMPTY","2013"
"1321",111,9,28.5,2,5,7,11,NA,"EMPTY","2002"
"1322",111,9,28.5,2,5,7,11,NA,"EMPTY","2003"
"1323",111,9,28.5,2,5,7,11,NA,"EMPTY","2004"
"1324",111,9,28.5,2,5,7,11,NA,"EMPTY","2005"
"1325",111,9,28.5,2,5,7,11,NA,"EMPTY","2006"
"1326",111,9,28.5,2,5,7,11,NA,"MOVED","2007"
"1327",111,9,28.5,2,5,7,11,NA,"EMPTY","2008"
"1328",111,9,28.5,2,5,7,11,NA,"EMPTY","2009"
"1329",111,9,28.5,2,5,7,11,NA,"KESTRELS","2010"
"1330",111,9,28.5,2,5,7,11,NA,"EMPTY","2011"
"1331",111,9,28.5,2,5,7,11,NA,"EMPTY","2012"
"1332",111,9,28.5,2,5,7,11,NA,"KESTRELS","2013"
"1333",112,0,0,0,1,1,11,NA,"EMPTY","2002"
"1334",112,0,0,0,1,1,11,NA,"EMPTY","2003"
"1335",112,0,0,0,1,1,11,NA,"EMPTY","2004"
"1336",112,0,0,0,1,1,11,NA,"EMPTY","2005"
"1337",112,0,0,0,1,1,11,NA,"EMPTY","2006"
"1338",112,0,0,0,1,1,11,NA,"MOVED","2007"
"1339",112,0,0,0,1,1,11,NA,"STARLING","2008"
"1340",112,0,0,0,1,1,11,NA,"EMPTY","2009"
"1341",112,0,0,0,1,1,11,NA,"Mouse Nest","2010"
"1342",112,0,0,0,1,1,11,NA,"EMPTY","2011"
"1343",112,0,0,0,1,1,11,NA,"EMPTY","2012"
"1344",112,0,0,0,1,1,11,NA,"EMPTY","2013"
"1345",113,15,80,4,1,5,11,NA,"","2002"
"1346",113,15,80,4,1,5,11,NA,"EMPTY","2003"
"1347",113,15,80,4,1,5,11,NA,"GRACKLE","2004"
"1348",113,15,80,4,1,5,11,NA,"KESTRELS","2005"
"1349",113,15,80,4,1,5,11,NA,"EMPTY","2006"
"1350",113,15,80,4,1,5,11,NA,"KESTRELS","2007"
"1351",113,15,80,4,1,5,11,NA,"KESTRELS","2008"
"1352",113,15,80,4,1,5,11,NA,"KESTRELS","2009"
"1353",113,15,80,4,1,5,11,NA,"EMPTY","2010"
"1354",113,15,80,4,1,5,11,NA,"EMPTY","2011"
"1355",113,15,80,4,1,5,11,NA,"EMPTY","2012"
"1356",113,15,80,4,1,5,11,NA,"EMPTY","2013"
"1357",114,5,100,1,0,1,11,NA,"","2002"
"1358",114,5,100,1,0,1,11,NA,"EMPTY","2003"
"1359",114,5,100,1,0,1,11,NA,"STARLING","2004"
"1360",114,5,100,1,0,1,11,NA,"EMPTY","2005"
"1361",114,5,100,1,0,1,11,NA,"EMPTY","2006"
"1362",114,5,100,1,0,1,11,NA,"EMPTY","2007"
"1363",114,5,100,1,0,1,11,NA,"GRACKLE","2008"
"1364",114,5,100,1,0,1,11,NA,"STARLING","2009"
"1365",114,5,100,1,0,1,11,NA,"KESTRELS","2010"
"1366",114,5,100,1,0,1,11,NA,"EMPTY","2011"
"1367",114,5,100,1,0,1,11,NA,"EMPTY","2012"
"1368",114,5,100,1,0,1,11,NA,"EMPTY","2013"
"1369",115,2,50,2,2,4,11,NA,"","2002"
"1370",115,2,50,2,2,4,11,NA,"EMPTY","2003"
"1371",115,2,50,2,2,4,11,NA,"EMPTY","2004"
"1372",115,2,50,2,2,4,11,NA,"KESTRELS","2005"
"1373",115,2,50,2,2,4,11,NA,"KESTRELS","2006"
"1374",115,2,50,2,2,4,11,NA,"EMPTY","2007"
"1375",115,2,50,2,2,4,11,NA,"EMPTY","2008"
"1376",115,2,50,2,2,4,11,NA,"KESTRELS","2009"
"1377",115,2,50,2,2,4,11,NA,"EMPTY","2010"
"1378",115,2,50,2,2,4,11,NA,"EMPTY","2011"
"1379",115,2,50,2,2,4,11,NA,"EMPTY","2012"
"1380",115,2,50,2,2,4,11,NA,"EMPTY","2013"
"1381",116,0,0,0,5,5,11,NA,"","2002"
"1382",116,0,0,0,5,5,11,NA,"EMPTY","2003"
"1383",116,0,0,0,5,5,11,NA,"EMPTY","2004"
"1384",116,0,0,0,5,5,11,NA,"EMPTY","2005"
"1385",116,0,0,0,5,5,11,NA,"EMPTY","2006"
"1386",116,0,0,0,5,5,11,NA,"EMPTY","2007"
"1387",116,0,0,0,5,5,11,NA,"EMPTY","2008"
"1388",116,0,0,0,5,5,11,NA,"EMPTY","2009"
"1389",116,0,0,0,5,5,11,NA,"EMPTY","2010"
"1390",116,0,0,0,5,5,11,NA,"EMPTY","2011"
"1391",116,0,0,0,5,5,11,NA,"EMPTY","2012"
"1392",116,0,0,0,5,5,11,NA,"EMPTY","2013"
"1393",117,22,50,5,5,10,11,NA,"","2002"
"1394",117,22,50,5,5,10,11,NA,"EMPTY","2003"
"1395",117,22,50,5,5,10,11,NA,"KESTRELS","2004"
"1396",117,22,50,5,5,10,11,NA,"EMPTY","2005"
"1397",117,22,50,5,5,10,11,NA,"EMPTY","2006"
"1398",117,22,50,5,5,10,11,NA,"KESTRELS","2007"
"1399",117,22,50,5,5,10,11,NA,"KESTRELS","2008"
"1400",117,22,50,5,5,10,11,NA,"EMPTY","2009"
"1401",117,22,50,5,5,10,11,NA,"KESTRELS","2010"
"1402",117,22,50,5,5,10,11,NA,"EMPTY","2011"
"1403",117,22,50,5,5,10,11,NA,"KESTRELS","2012"
"1404",117,22,50,5,5,10,11,NA,"KESTRELS","2013"
"1405",118,22,100,6,0,6,11,NA,"","2002"
"1406",118,22,100,6,0,6,11,NA,"GRACKLE","2003"
"1407",118,22,100,6,0,6,11,NA,"KESTRELS","2004"
"1408",118,22,100,6,0,6,11,NA,"KESTRELS","2005"
"1409",118,22,100,6,0,6,11,NA,"EMPTY","2006"
"1410",118,22,100,6,0,6,11,NA,"KESTRELS","2007"
"1411",118,22,100,6,0,6,11,NA,"KESTRELS","2008"
"1412",118,22,100,6,0,6,11,NA,"KESTRELS","2009"
"1413",118,22,100,6,0,6,11,NA,"EMPTY","2010"
"1414",118,22,100,6,0,6,11,NA,"GRACKLE","2011"
"1415",118,22,100,6,0,6,11,NA,"STARLING","2012"
"1416",118,22,100,6,0,6,11,NA,"KESTRELS","2013"
"1417",119,3,40,2,3,5,11,NA,"","2002"
"1418",119,3,40,2,3,5,11,NA,"EMPTY","2003"
"1419",119,3,40,2,3,5,11,NA,"GRACKLE","2004"
"1420",119,3,40,2,3,5,11,NA,"STARLING","2005"
"1421",119,3,40,2,3,5,11,NA,"EMPTY","2006"
"1422",119,3,40,2,3,5,11,NA,"GRACKLE","2007"
"1423",119,3,40,2,3,5,11,NA,"KESTRELS","2008"
"1424",119,3,40,2,3,5,11,NA,"EMPTY","2009"
"1425",119,3,40,2,3,5,11,NA,"EMPTY","2010"
"1426",119,3,40,2,3,5,11,NA,"KESTRELS","2011"
"1427",119,3,40,2,3,5,11,NA,"EMPTY","2012"
"1428",119,3,40,2,3,5,11,NA,"EMPTY","2013"
"1429",120,4,40,2,3,5,11,NA,"","2002"
"1430",120,4,40,2,3,5,11,NA,"KESTRELS","2003"
"1431",120,4,40,2,3,5,11,NA,"GRACKLE","2004"
"1432",120,4,40,2,3,5,11,NA,"GRACKLE","2005"
"1433",120,4,40,2,3,5,11,NA,"EMPTY","2006"
"1434",120,4,40,2,3,5,11,NA,"GRACKLE","2007"
"1435",120,4,40,2,3,5,11,NA,"EMPTY","2008"
"1436",120,4,40,2,3,5,11,NA,"EMPTY","2009"
"1437",120,4,40,2,3,5,11,NA,"KESTRELS","2010"
"1438",120,4,40,2,3,5,11,NA,"EMPTY","2011"
"1439",120,4,40,2,3,5,11,NA,"EMPTY","2012"
"1440",120,4,40,2,3,5,11,NA,"EMPTY","2013"
"1441",121,19,100,5,0,5,11,NA,"","2002"
"1442",121,19,100,5,0,5,11,NA,"GRACKLE","2003"
"1443",121,19,100,5,0,5,11,NA,"GRACKLE","2004"
"1444",121,19,100,5,0,5,11,NA,"EMPTY","2005"
"1445",121,19,100,5,0,5,11,NA,"EMPTY","2006"
"1446",121,19,100,5,0,5,11,NA,"INSECTS","2007"
"1447",121,19,100,5,0,5,11,NA,"KESTRELS","2008"
"1448",121,19,100,5,0,5,11,NA,"KESTRELS","2009"
"1449",121,19,100,5,0,5,11,NA,"KESTRELS","2010"
"1450",121,19,100,5,0,5,11,NA,"KESTRELS","2011"
"1451",121,19,100,5,0,5,11,NA,"EMPTY","2012"
"1452",121,19,100,5,0,5,11,NA,"KESTRELS","2013"
"1453",122,13,100,5,0,5,11,NA,"","2002"
"1454",122,13,100,5,0,5,11,NA,"GRACKLE","2003"
"1455",122,13,100,5,0,5,11,NA,"EMPTY","2004"
"1456",122,13,100,5,0,5,11,NA,"INSECTS","2005"
"1457",122,13,100,5,0,5,11,NA,"INSECTS","2006"
"1458",122,13,100,5,0,5,11,NA,"INSECTS","2007"
"1459",122,13,100,5,0,5,11,NA,"STARLING","2008"
"1460",122,13,100,5,0,5,11,NA,"KESTRELS","2009"
"1461",122,13,100,5,0,5,11,NA,"KESTRELS","2010"
"1462",122,13,100,5,0,5,11,NA,"KESTRELS","2011"
"1463",122,13,100,5,0,5,11,NA,"KESTRELS","2012"
"1464",122,13,100,5,0,5,11,NA,"KESTRELS","2013"
"1465",123,15,83.3,5,1,6,7,NA,"","2002"
"1466",123,15,83.3,5,1,6,7,NA,"GRACKLE","2003"
"1467",123,15,83.3,5,1,6,7,NA,"MOVE","2004"
"1468",123,15,83.3,5,1,6,7,NA,"DOWN","2005"
"1469",123,15,83.3,5,1,6,7,NA,"DOWN","2006"
"1470",123,15,83.3,5,1,6,7,NA,"MOVED","2007"
"1471",123,15,83.3,5,1,6,7,NA,"KESTRELS","2008"
"1472",123,15,83.3,5,1,6,7,NA,"KESTRELS","2009"
"1473",123,15,83.3,5,1,6,7,NA,"KESTRELS","2010"
"1474",123,15,83.3,5,1,6,7,NA,"KESTRELS","2011"
"1475",123,15,83.3,5,1,6,7,NA,"KESTRELS","2012"
"1476",123,15,83.3,5,1,6,7,NA,"EMPTY","2013"
"1477",124,16,66.7,4,2,6,11,NA,"","2002"
"1478",124,16,66.7,4,2,6,11,NA,"KESTRELS","2003"
"1479",124,16,66.7,4,2,6,11,NA,"EMPTY","2004"
"1480",124,16,66.7,4,2,6,11,NA,"GRACKLE","2005"
"1481",124,16,66.7,4,2,6,11,NA,"EMPTY","2006"
"1482",124,16,66.7,4,2,6,11,NA,"EMPTY","2007"
"1483",124,16,66.7,4,2,6,11,NA,"EMPTY","2008"
"1484",124,16,66.7,4,2,6,11,NA,"EMPTY","2009"
"1485",124,16,66.7,4,2,6,11,NA,"EMPTY","2010"
"1486",124,16,66.7,4,2,6,11,NA,"KESTRELS","2011"
"1487",124,16,66.7,4,2,6,11,NA,"KESTRELS","2012"
"1488",124,16,66.7,4,2,6,11,NA,"KESTRELS","2013"
"1489",125,0,0,0,5,5,11,NA,"","2002"
"1490",125,0,0,0,5,5,11,NA,"EMPTY","2003"
"1491",125,0,0,0,5,5,11,NA,"GRACKLE","2004"
"1492",125,0,0,0,5,5,11,NA,"EMPTY","2005"
"1493",125,0,0,0,5,5,11,NA,"EMPTY","2006"
"1494",125,0,0,0,5,5,11,NA,"EMPTY","2007"
"1495",125,0,0,0,5,5,11,NA,"EMPTY","2008"
"1496",125,0,0,0,5,5,11,NA,"EMPTY","2009"
"1497",125,0,0,0,5,5,11,NA,"EMPTY","2010"
"1498",125,0,0,0,5,5,11,NA,"EMPTY","2011"
"1499",125,0,0,0,5,5,11,NA,"Swallows","2012"
"1500",125,0,0,0,5,5,11,NA,"EMPTY","2013"
"1501",126,13,62.5,5,3,8,11,NA,"","2002"
"1502",126,13,62.5,5,3,8,11,NA,"EMPTY","2003"
"1503",126,13,62.5,5,3,8,11,NA,"EMPTY","2004"
"1504",126,13,62.5,5,3,8,11,NA,"KESTRELS","2005"
"1505",126,13,62.5,5,3,8,11,NA,"EMPTY","2006"
"1506",126,13,62.5,5,3,8,11,NA,"KESTRELS","2007"
"1507",126,13,62.5,5,3,8,11,NA,"KESTRELS","2008"
"1508",126,13,62.5,5,3,8,11,NA,"KESTRELS","2009"
"1509",126,13,62.5,5,3,8,11,NA,"EMPTY","2010"
"1510",126,13,62.5,5,3,8,11,NA,"Roost","2011"
"1511",126,13,62.5,5,3,8,11,NA,"EMPTY","2012"
"1512",126,13,62.5,5,3,8,11,NA,"KESTRELS","2013"
"1513",127,21,100,5,0,5,10,NA,"","2002"
"1514",127,21,100,5,0,5,10,NA,"","2003"
"1515",127,21,100,5,0,5,10,NA,"GRACKLE","2004"
"1516",127,21,100,5,0,5,10,NA,"KESTRELS","2005"
"1517",127,21,100,5,0,5,10,NA,"EMPTY","2006"
"1518",127,21,100,5,0,5,10,NA,"MOVED","2007"
"1519",127,21,100,5,0,5,10,NA,"KESTRELS","2008"
"1520",127,21,100,5,0,5,10,NA,"KESTRELS","2009"
"1521",127,21,100,5,0,5,10,NA,"KESTRELS","2010"
"1522",127,21,100,5,0,5,10,NA,"KESTRELS","2011"
"1523",127,21,100,5,0,5,10,NA,"KESTRELS","2012"
"1524",127,21,100,5,0,5,10,NA,"EMPTY","2013"
"1525",128,10,60,3,2,5,11,NA,"","2002"
"1526",128,10,60,3,2,5,11,NA,"","2003"
"1527",128,10,60,3,2,5,11,NA,"STARLING","2004"
"1528",128,10,60,3,2,5,11,NA,"EMPTY","2005"
"1529",128,10,60,3,2,5,11,NA,"EMPTY","2006"
"1530",128,10,60,3,2,5,11,NA,"EMPTY","2007"
"1531",128,10,60,3,2,5,11,NA,"EMPTY","2008"
"1532",128,10,60,3,2,5,11,NA,"GRACKLE","2009"
"1533",128,10,60,3,2,5,11,NA,"KESTRELS","2010"
"1534",128,10,60,3,2,5,11,NA,"KESTRELS","2011"
"1535",128,10,60,3,2,5,11,NA,"GRACKLE","2012"
"1536",128,10,60,3,2,5,11,NA,"KESTRELS","2013"
"1537",129,6,100,2,0,2,11,NA,"","2002"
"1538",129,6,100,2,0,2,11,NA,"","2003"
"1539",129,6,100,2,0,2,11,NA,"KESTRELS","2004"
"1540",129,6,100,2,0,2,11,NA,"KESTRELS","2005"
"1541",129,6,100,2,0,2,11,NA,"INSECTS","2006"
"1542",129,6,100,2,0,2,11,NA,"EMPTY","2007"
"1543",129,6,100,2,0,2,11,NA,"EMPTY","2008"
"1544",129,6,100,2,0,2,11,NA,"EMPTY","2009"
"1545",129,6,100,2,0,2,11,NA,"GRACKLE","2010"
"1546",129,6,100,2,0,2,11,NA,"EMPTY","2011"
"1547",129,6,100,2,0,2,11,NA,"EMPTY","2012"
"1548",129,6,100,2,0,2,11,NA,"EMPTY","2013"
"1549",130,0,0,0,2,2,9,NA,"","2002"
"1550",130,0,0,0,2,2,9,NA,"","2003"
"1551",130,0,0,0,2,2,9,NA,"GRACKLE","2004"
"1552",130,0,0,0,2,2,9,NA,"GRACKLE","2005"
"1553",130,0,0,0,2,2,9,NA,"EMPTY","2006"
"1554",130,0,0,0,2,2,9,NA,"EMPTY","2007"
"1555",130,0,0,0,2,2,9,NA,"GRACKLE","2008"
"1556",130,0,0,0,2,2,9,NA,"DOWN","2009"
"1557",130,0,0,0,2,2,9,NA,"Down","2010"
"1558",130,0,0,0,2,2,9,NA,"EMPTY","2011"
"1559",130,0,0,0,2,2,9,NA,"EMPTY","2012"
"1560",130,0,0,0,2,2,9,NA,"EMPTY","2013"
"1561",131,0,0,0,0,0,5,NA,"","2002"
"1562",131,0,0,0,0,0,5,NA,"","2003"
"1563",131,0,0,0,0,0,5,NA,"","2004"
"1564",131,0,0,0,0,0,5,NA,"","2005"
"1565",131,0,0,0,0,0,5,NA,"","2006"
"1566",131,0,0,0,0,0,5,NA,"","2007"
"1567",131,0,0,0,0,0,5,NA,"","2008"
"1568",131,0,0,0,0,0,5,NA,"EMPTY","2009"
"1569",131,0,0,0,0,0,5,NA,"EMPTY","2010"
"1570",131,0,0,0,0,0,5,NA,"EMPTY","2011"
"1571",131,0,0,0,0,0,5,NA,"EMPTY","2012"
"1572",131,0,0,0,0,0,5,NA,"EMPTY","2013"
"1573",132,15,100,3,0,3,5,NA,"","2002"
"1574",132,15,100,3,0,3,5,NA,"","2003"
"1575",132,15,100,3,0,3,5,NA,"","2004"
"1576",132,15,100,3,0,3,5,NA,"","2005"
"1577",132,15,100,3,0,3,5,NA,"","2006"
"1578",132,15,100,3,0,3,5,NA,"","2007"
"1579",132,15,100,3,0,3,5,NA,"","2008"
"1580",132,15,100,3,0,3,5,NA,"GRACKLE","2009"
"1581",132,15,100,3,0,3,5,NA,"KESTRELS","2010"
"1582",132,15,100,3,0,3,5,NA,"KESTRELS","2011"
"1583",132,15,100,3,0,3,5,NA,"KESTRELS","2012"
"1584",132,15,100,3,0,3,5,NA,"EMPTY","2013"
"1585",133,10,66.7,2,1,3,5,NA,"","2002"
"1586",133,10,66.7,2,1,3,5,NA,"","2003"
"1587",133,10,66.7,2,1,3,5,NA,"","2004"
"1588",133,10,66.7,2,1,3,5,NA,"","2005"
"1589",133,10,66.7,2,1,3,5,NA,"","2006"
"1590",133,10,66.7,2,1,3,5,NA,"","2007"
"1591",133,10,66.7,2,1,3,5,NA,"","2008"
"1592",133,10,66.7,2,1,3,5,NA,"EMPTY","2009"
"1593",133,10,66.7,2,1,3,5,NA,"KESTRELS","2010"
"1594",133,10,66.7,2,1,3,5,NA,"EMPTY","2011"
"1595",133,10,66.7,2,1,3,5,NA,"EMPTY","2012"
"1596",133,10,66.7,2,1,3,5,NA,"KESTRELS","2013"
"1597",134,0,0,0,3,3,5,NA,"","2002"
"1598",134,0,0,0,3,3,5,NA,"","2003"
"1599",134,0,0,0,3,3,5,NA,"","2004"
"1600",134,0,0,0,3,3,5,NA,"","2005"
"1601",134,0,0,0,3,3,5,NA,"","2006"
"1602",134,0,0,0,3,3,5,NA,"","2007"
"1603",134,0,0,0,3,3,5,NA,"","2008"
"1604",134,0,0,0,3,3,5,NA,"EMPTY","2009"
"1605",134,0,0,0,3,3,5,NA,"GRACKLE","2010"
"1606",134,0,0,0,3,3,5,NA,"EMPTY","2011"
"1607",134,0,0,0,3,3,5,NA,"EMPTY","2012"
"1608",134,0,0,0,3,3,5,NA,"EMPTY","2013"
"1609",135,15,60,3,2,5,5,NA,"","2002"
"1610",135,15,60,3,2,5,5,NA,"","2003"
"1611",135,15,60,3,2,5,5,NA,"","2004"
"1612",135,15,60,3,2,5,5,NA,"","2005"
"1613",135,15,60,3,2,5,5,NA,"","2006"
"1614",135,15,60,3,2,5,5,NA,"","2007"
"1615",135,15,60,3,2,5,5,NA,"","2008"
"1616",135,15,60,3,2,5,5,NA,"KESTRELS","2009"
"1617",135,15,60,3,2,5,5,NA,"EMPTY","2010"
"1618",135,15,60,3,2,5,5,NA,"KESTRELS","2011"
"1619",135,15,60,3,2,5,5,NA,"EMPTY","2012"
"1620",135,15,60,3,2,5,5,NA,"EMPTY","2013"
"1621",136,2,33.4,1,2,3,5,NA,"","2002"
"1622",136,2,33.4,1,2,3,5,NA,"","2003"
"1623",136,2,33.4,1,2,3,5,NA,"","2004"
"1624",136,2,33.4,1,2,3,5,NA,"","2005"
"1625",136,2,33.4,1,2,3,5,NA,"","2006"
"1626",136,2,33.4,1,2,3,5,NA,"","2007"
"1627",136,2,33.4,1,2,3,5,NA,"","2008"
"1628",136,2,33.4,1,2,3,5,NA,"EMPTY","2009"
"1629",136,2,33.4,1,2,3,5,NA,"EMPTY","2010"
"1630",136,2,33.4,1,2,3,5,NA,"EMPTY","2011"
"1631",136,2,33.4,1,2,3,5,NA,"EMPTY","2012"
"1632",136,2,33.4,1,2,3,5,NA,"KESTRELS","2013"
"1633",137,9,100,2,0,2,5,NA,"","2002"
"1634",137,9,100,2,0,2,5,NA,"","2003"
"1635",137,9,100,2,0,2,5,NA,"","2004"
"1636",137,9,100,2,0,2,5,NA,"","2005"
"1637",137,9,100,2,0,2,5,NA,"","2006"
"1638",137,9,100,2,0,2,5,NA,"","2007"
"1639",137,9,100,2,0,2,5,NA,"","2008"
"1640",137,9,100,2,0,2,5,NA,"EMPTY","2009"
"1641",137,9,100,2,0,2,5,NA,"EMPTY","2010"
"1642",137,9,100,2,0,2,5,NA,"EMPTY","2011"
"1643",137,9,100,2,0,2,5,NA,"KESTRELS","2012"
"1644",137,9,100,2,0,2,5,NA,"KESTRELS","2013"
"1645",138,10,66.7,2,1,3,5,NA,"","2002"
"1646",138,10,66.7,2,1,3,5,NA,"","2003"
"1647",138,10,66.7,2,1,3,5,NA,"","2004"
"1648",138,10,66.7,2,1,3,5,NA,"","2005"
"1649",138,10,66.7,2,1,3,5,NA,"","2006"
"1650",138,10,66.7,2,1,3,5,NA,"","2007"
"1651",138,10,66.7,2,1,3,5,NA,"","2008"
"1652",138,10,66.7,2,1,3,5,NA,"EMPTY","2009"
"1653",138,10,66.7,2,1,3,5,NA,"EMPTY","2010"
"1654",138,10,66.7,2,1,3,5,NA,"STARLING","2011"
"1655",138,10,66.7,2,1,3,5,NA,"KESTRELS","2012"
"1656",138,10,66.7,2,1,3,5,NA,"KESTRELS","2013"
"1657",139,5,25,1,3,4,5,NA,"","2002"
"1658",139,5,25,1,3,4,5,NA,"","2003"
"1659",139,5,25,1,3,4,5,NA,"","2004"
"1660",139,5,25,1,3,4,5,NA,"","2005"
"1661",139,5,25,1,3,4,5,NA,"","2006"
"1662",139,5,25,1,3,4,5,NA,"","2007"
"1663",139,5,25,1,3,4,5,NA,"","2008"
"1664",139,5,25,1,3,4,5,NA,"EMPTY","2009"
"1665",139,5,25,1,3,4,5,NA,"KESTRELS","2010"
"1666",139,5,25,1,3,4,5,NA,"EMPTY","2011"
"1667",139,5,25,1,3,4,5,NA,"EMPTY","2012"
"1668",139,5,25,1,3,4,5,NA,"EMPTY","2013"
"1669",140,0,0,0,1,1,4,NA,"","2002"
"1670",140,0,0,0,1,1,4,NA,"","2003"
"1671",140,0,0,0,1,1,4,NA,"","2004"
"1672",140,0,0,0,1,1,4,NA," ","2005"
"1673",140,0,0,0,1,1,4,NA,"","2006"
"1674",140,0,0,0,1,1,4,NA,"","2007"
"1675",140,0,0,0,1,1,4,NA,"","2008"
"1676",140,0,0,0,1,1,4,NA,"EMPTY","2009"
"1677",140,0,0,0,1,1,4,NA,"Down","2010"
"1678",140,0,0,0,1,1,4,NA,"down","2011"
"1679",140,0,0,0,1,1,4,NA,"EMPTY","2012"
"1680",140,0,0,0,1,1,4,NA,"EMPTY","2013"
"1681",141,0,33.4,1,2,3,5,NA,"","2002"
"1682",141,0,33.4,1,2,3,5,NA,"","2003"
"1683",141,0,33.4,1,2,3,5,NA,"","2004"
"1684",141,0,33.4,1,2,3,5,NA,"","2005"
"1685",141,0,33.4,1,2,3,5,NA,"","2006"
"1686",141,0,33.4,1,2,3,5,NA,"","2007"
"1687",141,0,33.4,1,2,3,5,NA,"","2008"
"1688",141,0,33.4,1,2,3,5,NA,"EMPTY","2009"
"1689",141,0,33.4,1,2,3,5,NA,"EMPTY","2010"
"1690",141,0,33.4,1,2,3,5,NA,"EMPTY","2011"
"1691",141,0,33.4,1,2,3,5,NA,"EMPTY","2012"
"1692",141,0,33.4,1,2,3,5,NA,"EMPTY","2013"
"1693",142,7,66.7,2,1,3,5,NA,"","2002"
"1694",142,7,66.7,2,1,3,5,NA,"","2003"
"1695",142,7,66.7,2,1,3,5,NA,"","2004"
"1696",142,7,66.7,2,1,3,5,NA,"","2005"
"1697",142,7,66.7,2,1,3,5,NA,"","2006"
"1698",142,7,66.7,2,1,3,5,NA,"","2007"
"1699",142,7,66.7,2,1,3,5,NA,"","2008"
"1700",142,7,66.7,2,1,3,5,NA,"GRACKLE","2009"
"1701",142,7,66.7,2,1,3,5,NA,"EMPTY","2010"
"1702",142,7,66.7,2,1,3,5,NA,"GRACKLE","2011"
"1703",142,7,66.7,2,1,3,5,NA,"KESTRELS","2012"
"1704",142,7,66.7,2,1,3,5,NA,"KESTRELS","2013"
"1705",143,0,0,0,2,2,5,NA,"","2002"
"1706",143,0,0,0,2,2,5,NA,"","2003"
"1707",143,0,0,0,2,2,5,NA,"","2004"
"1708",143,0,0,0,2,2,5,NA,"","2005"
"1709",143,0,0,0,2,2,5,NA,"","2006"
"1710",143,0,0,0,2,2,5,NA,"","2007"
"1711",143,0,0,0,2,2,5,NA,"","2008"
"1712",143,0,0,0,2,2,5,NA,"EMPTY","2009"
"1713",143,0,0,0,2,2,5,NA,"EMPTY","2010"
"1714",143,0,0,0,2,2,5,NA,"GRACKLE","2011"
"1715",143,0,0,0,2,2,5,NA,"EMPTY","2012"
"1716",143,0,0,0,2,2,5,NA,"EMPTY","2013"
"1717",144,2,100,1,0,1,5,NA,"","2002"
"1718",144,2,100,1,0,1,5,NA,"","2003"
"1719",144,2,100,1,0,1,5,NA,"","2004"
"1720",144,2,100,1,0,1,5,NA,"","2005"
"1721",144,2,100,1,0,1,5,NA,"","2006"
"1722",144,2,100,1,0,1,5,NA,"","2007"
"1723",144,2,100,1,0,1,5,NA,"","2008"
"1724",144,2,100,1,0,1,5,NA,"KESTRELS","2009"
"1725",144,2,100,1,0,1,5,NA,"GRACKLE","2010"
"1726",144,2,100,1,0,1,5,NA,"EMPTY","2011"
"1727",144,2,100,1,0,1,5,NA,"Squirrel","2012"
"1728",144,2,100,1,0,1,5,NA,"EMPTY","2013"
"1729",145,3,50,1,1,2,5,NA,"","2002"
"1730",145,3,50,1,1,2,5,NA,"","2003"
"1731",145,3,50,1,1,2,5,NA,"","2004"
"1732",145,3,50,1,1,2,5,NA,"","2005"
"1733",145,3,50,1,1,2,5,NA,"","2006"
"1734",145,3,50,1,1,2,5,NA,"","2007"
"1735",145,3,50,1,1,2,5,NA,"","2008"
"1736",145,3,50,1,1,2,5,NA,"KESTRELS","2009"
"1737",145,3,50,1,1,2,5,NA,"EMPTY","2010"
"1738",145,3,50,1,1,2,5,NA,"EMPTY","2011"
"1739",145,3,50,1,1,2,5,NA,"EMPTY","2012"
"1740",145,3,50,1,1,2,5,NA,"KESTRELS","2013"
"1741",146,0,0,0,0,0,3,NA,"","2002"
"1742",146,0,0,0,0,0,3,NA,"","2003"
"1743",146,0,0,0,0,0,3,NA,"","2004"
"1744",146,0,0,0,0,0,3,NA,"","2005"
"1745",146,0,0,0,0,0,3,NA,"","2006"
"1746",146,0,0,0,0,0,3,NA,"","2007"
"1747",146,0,0,0,0,0,3,NA,"","2008"
"1748",146,0,0,0,0,0,3,NA,"","2009"
"1749",146,0,0,0,0,0,3,NA,"Put Up","2010"
"1750",146,0,0,0,0,0,3,NA,"EMPTY","2011"
"1751",146,0,0,0,0,0,3,NA,"EMPTY","2012"
"1752",146,0,0,0,0,0,3,NA,"EMPTY","2013"
"1753",147,13,100,3,0,3,3,NA,"","2002"
"1754",147,13,100,3,0,3,3,NA,"","2003"
"1755",147,13,100,3,0,3,3,NA,"","2004"
"1756",147,13,100,3,0,3,3,NA,"","2005"
"1757",147,13,100,3,0,3,3,NA,"","2006"
"1758",147,13,100,3,0,3,3,NA,"","2007"
"1759",147,13,100,3,0,3,3,NA,"","2008"
"1760",147,13,100,3,0,3,3,NA,"","2009"
"1761",147,13,100,3,0,3,3,NA,"Put Up","2010"
"1762",147,13,100,3,0,3,3,NA,"KESTRELS","2011"
"1763",147,13,100,3,0,3,3,NA,"KESTRELS","2012"
"1764",147,13,100,3,0,3,3,NA,"KESTRELS","2013"
"1765",148,0,0,0,1,1,3,NA,"","2002"
"1766",148,0,0,0,1,1,3,NA,"","2003"
"1767",148,0,0,0,1,1,3,NA,"","2004"
"1768",148,0,0,0,1,1,3,NA,"","2005"
"1769",148,0,0,0,1,1,3,NA,"","2006"
"1770",148,0,0,0,1,1,3,NA,"","2007"
"1771",148,0,0,0,1,1,3,NA,"","2008"
"1772",148,0,0,0,1,1,3,NA,"","2009"
"1773",148,0,0,0,1,1,3,NA,"Put Up","2010"
"1774",148,0,0,0,1,1,3,NA,"EMPTY","2011"
"1775",148,0,0,0,1,1,3,NA,"EMPTY","2012"
"1776",148,0,0,0,1,1,3,NA,"EMPTY","2013"
"1777",149,3,33.4,1,2,3,3,NA,"","2002"
"1778",149,3,33.4,1,2,3,3,NA,"","2003"
"1779",149,3,33.4,1,2,3,3,NA,"","2004"
"1780",149,3,33.4,1,2,3,3,NA,"","2005"
"1781",149,3,33.4,1,2,3,3,NA,"","2006"
"1782",149,3,33.4,1,2,3,3,NA,"","2007"
"1783",149,3,33.4,1,2,3,3,NA,"","2008"
"1784",149,3,33.4,1,2,3,3,NA,"","2009"
"1785",149,3,33.4,1,2,3,3,NA,"Put Up","2010"
"1786",149,3,33.4,1,2,3,3,NA,"EMPTY","2011"
"1787",149,3,33.4,1,2,3,3,NA,"EMPTY","2012"
"1788",149,3,33.4,1,2,3,3,NA,"KESTRELS","2013"
"1789",150,0,0,0,1,1,3,NA,"","2002"
"1790",150,0,0,0,1,1,3,NA,"","2003"
"1791",150,0,0,0,1,1,3,NA,"","2004"
"1792",150,0,0,0,1,1,3,NA,"","2005"
"1793",150,0,0,0,1,1,3,NA,"","2006"
"1794",150,0,0,0,1,1,3,NA,"","2007"
"1795",150,0,0,0,1,1,3,NA,"","2008"
"1796",150,0,0,0,1,1,3,NA,"","2009"
"1797",150,0,0,0,1,1,3,NA,"Put Up","2010"
"1798",150,0,0,0,1,1,3,NA,"EMPTY","2011"
"1799",150,0,0,0,1,1,3,NA,"EMPTY","2012"
"1800",150,0,0,0,1,1,3,NA,"EMPTY","2013"
"1801",151,0,0,0,0,0,1,NA,"","2002"
"1802",151,0,0,0,0,0,1,NA,"","2003"
"1803",151,0,0,0,0,0,1,NA,"","2004"
"1804",151,0,0,0,0,0,1,NA,"","2005"
"1805",151,0,0,0,0,0,1,NA,"","2006"
"1806",151,0,0,0,0,0,1,NA,"","2007"
"1807",151,0,0,0,0,0,1,NA,"","2008"
"1808",151,0,0,0,0,0,1,NA,"","2009"
"1809",151,0,0,0,0,0,1,NA,"","2010"
"1810",151,0,0,0,0,0,1,NA,"","2011"
"1811",151,0,0,0,0,0,1,NA,"Put Up","2012"
"1812",151,0,0,0,0,0,1,NA,"EMPTY","2013"
"1813",NA,NA,NA,NA,NA,NA,NA,NA,"","2002"
"1814",NA,NA,NA,NA,NA,NA,NA,NA,"","2003"
"1815",NA,NA,NA,NA,NA,NA,NA,NA,"","2004"
"1816",NA,NA,NA,NA,NA,NA,NA,NA,"","2005"
"1817",NA,NA,NA,NA,NA,NA,NA,NA,"","2006"
"1818",NA,NA,NA,NA,NA,NA,NA,NA,"","2007"
"1819",NA,NA,NA,NA,NA,NA,NA,NA,"","2008"
"1820",NA,NA,NA,NA,NA,NA,NA,NA,"","2009"
"1821",NA,NA,NA,NA,NA,NA,NA,NA,"","2010"
"1822",NA,NA,NA,NA,NA,NA,NA,NA,"","2011"
"1823",NA,NA,NA,NA,NA,NA,NA,NA,"","2012"
"1824",NA,NA,NA,NA,NA,NA,NA,NA,"","2013"
"1825",NA,NA,NA,NA,NA,NA,NA,NA,"","2002"
"1826",NA,NA,NA,NA,NA,NA,NA,NA,"","2003"
"1827",NA,NA,NA,NA,NA,NA,NA,NA,"","2004"
"1828",NA,NA,NA,NA,NA,NA,NA,NA,"","2005"
"1829",NA,NA,NA,NA,NA,NA,NA,NA,"","2006"
"1830",NA,NA,NA,NA,NA,NA,NA,NA,"","2007"
"1831",NA,NA,NA,NA,NA,NA,NA,NA,"","2008"
"1832",NA,NA,NA,NA,NA,NA,NA,NA,"","2009"
"1833",NA,NA,NA,NA,NA,NA,NA,NA,"","2010"
"1834",NA,NA,NA,NA,NA,NA,NA,NA,"","2011"
"1835",NA,NA,NA,NA,NA,NA,NA,NA,"","2012"
"1836",NA,NA,NA,NA,NA,NA,NA,NA,"","2013"
"1837",NA,NA,NA,NA,NA,NA,NA,NA,"","2002"
"1838",NA,NA,NA,NA,NA,NA,NA,NA,"","2003"
"1839",NA,NA,NA,NA,NA,NA,NA,NA,"","2004"
"1840",NA,NA,NA,NA,NA,NA,NA,NA,"","2005"
"1841",NA,NA,NA,NA,NA,NA,NA,NA,"","2006"
"1842",NA,NA,NA,NA,NA,NA,NA,NA,"","2007"
"1843",NA,NA,NA,NA,NA,NA,NA,NA,"","2008"
"1844",NA,NA,NA,NA,NA,NA,NA,NA,"","2009"
"1845",NA,NA,NA,NA,NA,NA,NA,NA,"","2010"
"1846",NA,NA,NA,NA,NA,NA,NA,NA,"","2011"
"1847",NA,NA,NA,NA,NA,NA,NA,NA,"","2012"
"1848",NA,NA,NA,NA,NA,NA,NA,NA,"","2013"
"1849",NA,NA,NA,NA,NA,NA,NA,NA,"","2002"
"1850",NA,NA,NA,NA,NA,NA,NA,NA,"","2003"
"1851",NA,NA,NA,NA,NA,NA,NA,NA,"","2004"
"1852",NA,NA,NA,NA,NA,NA,NA,NA,"","2005"
"1853",NA,NA,NA,NA,NA,NA,NA,NA,"","2006"
"1854",NA,NA,NA,NA,NA,NA,NA,NA,"","2007"
"1855",NA,NA,NA,NA,NA,NA,NA,NA,"","2008"
"1856",NA,NA,NA,NA,NA,NA,NA,NA,"","2009"
"1857",NA,NA,NA,NA,NA,NA,NA,NA,"","2010"
"1858",NA,NA,NA,NA,NA,NA,NA,NA,"","2011"
"1859",NA,NA,NA,NA,NA,NA,NA,NA,"","2012"
"1860",NA,NA,NA,NA,NA,NA,NA,NA,"","2013"
