"BOX","Num_Chicks_Banded","X.Successful","with_chicks","w.o_chicks","Total","Years.Up","X","inhabitants","Year"
1,0,0,0,3,3,12,NA,"EMPTY","2002"
1,0,0,0,3,3,12,NA,"EMPTY","2003"
1,0,0,0,3,3,12,NA,"INSECTS","2004"
1,0,0,0,3,3,12,NA,"EMPTY","2005"
1,0,0,0,3,3,12,NA,"EMPTY","2006"
1,0,0,0,3,3,12,NA,"GRACKLE","2007"
1,0,0,0,3,3,12,NA,"TREESWALLOW","2008"
1,0,0,0,3,3,12,NA,"GRACKLE","2009"
1,0,0,0,3,3,12,NA,"EMPTY","2010"
1,0,0,0,3,3,12,NA,"STARLING","2011"
1,0,0,0,3,3,12,NA,"STARLING","2012"
1,0,0,0,3,3,12,NA,"GRACKLE","2013"
2,3,16.7,1,1,2,12,NA,"EMPTY","2002"
2,3,16.7,1,1,2,12,NA,"EMPTY","2003"
2,3,16.7,1,1,2,12,NA,"EMPTY","2004"
2,3,16.7,1,1,2,12,NA,"EMPTY","2005"
2,3,16.7,1,1,2,12,NA,"EMPTY","2006"
2,3,16.7,1,1,2,12,NA,"INSECTS","2007"
2,3,16.7,1,1,2,12,NA,"STARLING","2008"
2,3,16.7,1,1,2,12,NA,"EMPTY","2009"
2,3,16.7,1,1,2,12,NA,"GRACKLE","2010"
2,3,16.7,1,1,2,12,NA,"KESTRELS","2011"
2,3,16.7,1,1,2,12,NA,"STARLING","2012"
2,3,16.7,1,1,2,12,NA,"EMPTY","2013"
3,7,36.4,2,2,4,11,NA,"EMPTY","2002"
3,7,36.4,2,2,4,11,NA,"EMPTY","2003"
3,7,36.4,2,2,4,11,NA,"EMPTY","2004"
3,7,36.4,2,2,4,11,NA,"EMPTY","2005"
3,7,36.4,2,2,4,11,NA,"EMPTY","2006"
3,7,36.4,2,2,4,11,NA,"KESTRELS","2007"
3,7,36.4,2,2,4,11,NA,"KESTRELS","2008"
3,7,36.4,2,2,4,11,NA,"EMPTY","2009"
3,7,36.4,2,2,4,11,NA,"mice","2010"
3,7,36.4,2,2,4,11,NA,"mice","2011"
3,7,36.4,2,2,4,11,NA,"STARLING","2012"
3,7,36.4,2,2,4,11,NA,"Down","2013"
4,0,0,0,5,5,12,NA,"EMPTY","2002"
4,0,0,0,5,5,12,NA,"EMPTY","2003"
4,0,0,0,5,5,12,NA,"SQUIRREL","2004"
4,0,0,0,5,5,12,NA,"KESTRELS","2005"
4,0,0,0,5,5,12,NA,"EMPTY","2006"
4,0,0,0,5,5,12,NA,"EMPTY-MOVED","2007"
4,0,0,0,5,5,12,NA,"EMPTY","2008"
4,0,0,0,5,5,12,NA,"EMPTY","2009"
4,0,0,0,5,5,12,NA,"EMPTY","2010"
4,0,0,0,5,5,12,NA,"EMPTY","2011"
4,0,0,0,5,5,12,NA,"EMPTY","2012"
4,0,0,0,5,5,12,NA,"EMPTY","2013"
5,21,41.6,5,2,7,12,NA,"EMPTY","2002"
5,21,41.6,5,2,7,12,NA,"EMPTY","2003"
5,21,41.6,5,2,7,12,NA,"EMPTY","2004"
5,21,41.6,5,2,7,12,NA,"KESTRELS","2005"
5,21,41.6,5,2,7,12,NA,"EMPTY","2006"
5,21,41.6,5,2,7,12,NA,"STARLING","2007"
5,21,41.6,5,2,7,12,NA,"KESTRELS","2008"
5,21,41.6,5,2,7,12,NA,"KESTRELS","2009"
5,21,41.6,5,2,7,12,NA,"KESTRELS","2010"
5,21,41.6,5,2,7,12,NA,"KESTRELS","2011"
5,21,41.6,5,2,7,12,NA,"KESTRELS","2012"
5,21,41.6,5,2,7,12,NA,"EMPTY","2013"
6,0,0,0,3,3,12,NA,"EMPTY","2002"
6,0,0,0,3,3,12,NA,"EMPTY","2003"
6,0,0,0,3,3,12,NA,"EMPTY","2004"
6,0,0,0,3,3,12,NA,"KESTRELS","2005"
6,0,0,0,3,3,12,NA,"EMPTY","2006"
6,0,0,0,3,3,12,NA,"EMPTY","2007"
6,0,0,0,3,3,12,NA,"INSECTS","2008"
6,0,0,0,3,3,12,NA,"EMPTY","2009"
6,0,0,0,3,3,12,NA,"EMPTY","2010"
6,0,0,0,3,3,12,NA,"GRACKLE","2011"
6,0,0,0,3,3,12,NA,"EMPTY","2012"
6,0,0,0,3,3,12,NA,"EMPTY","2013"
7,15,88.7,6,3,9,12,NA,"EMPTY","2002"
7,15,88.7,6,3,9,12,NA,"EMPTY","2003"
7,15,88.7,6,3,9,12,NA,"EMPTY","2004"
7,15,88.7,6,3,9,12,NA,"SQUIRREL","2005"
7,15,88.7,6,3,9,12,NA,"EMPTY","2006"
7,15,88.7,6,3,9,12,NA,"EMPTY","2007"
7,15,88.7,6,3,9,12,NA,"KESTRELS","2008"
7,15,88.7,6,3,9,12,NA,"KESTRELS","2009"
7,15,88.7,6,3,9,12,NA,"KESTRELS","2010"
7,15,88.7,6,3,9,12,NA,"KESTRELS","2011"
7,15,88.7,6,3,9,12,NA,"KESTRELS","2012"
7,15,88.7,6,3,9,12,NA,"KESTRELS","2013"
8,8,57.1,4,3,7,12,NA,"EMPTY","2002"
8,8,57.1,4,3,7,12,NA,"GRACKLE","2003"
8,8,57.1,4,3,7,12,NA,"EMPTY","2004"
8,8,57.1,4,3,7,12,NA,"EMPTY","2005"
8,8,57.1,4,3,7,12,NA,"KESTRELS","2006"
8,8,57.1,4,3,7,12,NA,"EMPTY","2007"
8,8,57.1,4,3,7,12,NA,"EMPTY","2008"
8,8,57.1,4,3,7,12,NA,"EMPTY","2009"
8,8,57.1,4,3,7,12,NA,"GRACKLE","2010"
8,8,57.1,4,3,7,12,NA,"KESTRELS","2011"
8,8,57.1,4,3,7,12,NA,"KESTRELS","2012"
8,8,57.1,4,3,7,12,NA,"KESTRELS","2013"
9,4,20,1,4,5,12,NA,"EMPTY","2002"
9,4,20,1,4,5,12,NA,"EMPTY","2003"
9,4,20,1,4,5,12,NA,"EMPTY","2004"
9,4,20,1,4,5,12,NA,"EMPTY","2005"
9,4,20,1,4,5,12,NA,"EMPTY","2006"
9,4,20,1,4,5,12,NA,"EMPTY","2007"
9,4,20,1,4,5,12,NA,"EMPTY","2008"
9,4,20,1,4,5,12,NA,"EMPTY","2009"
9,4,20,1,4,5,12,NA,"EMPTY","2010"
9,4,20,1,4,5,12,NA,"EMPTY","2011"
9,4,20,1,4,5,12,NA,"KESTRELS","2012"
9,4,20,1,4,5,12,NA,"EMPTY","2013"
10,4,33.4,1,2,3,12,NA,"EMPTY","2002"
10,4,33.4,1,2,3,12,NA,"GRACKLE","2003"
10,4,33.4,1,2,3,12,NA,"GRACKLE","2004"
10,4,33.4,1,2,3,12,NA,"GRACKLE","2005"
10,4,33.4,1,2,3,12,NA,"EMPTY","2006"
10,4,33.4,1,2,3,12,NA,"GRACKLE","2007"
10,4,33.4,1,2,3,12,NA,"EMPTY","2008"
10,4,33.4,1,2,3,12,NA,"EMPTY","2009"
10,4,33.4,1,2,3,12,NA,"KESTRELS","2010"
10,4,33.4,1,2,3,12,NA,"GRACKLE","2011"
10,4,33.4,1,2,3,12,NA,"STARLING","2012"
10,4,33.4,1,2,3,12,NA,"EMPTY","2013"
11,9,60,3,2,5,12,NA,"EMPTY","2002"
11,9,60,3,2,5,12,NA,"EMPTY","2003"
11,9,60,3,2,5,12,NA,"EMPTY","2004"
11,9,60,3,2,5,12,NA,"EMPTY","2005"
11,9,60,3,2,5,12,NA,"INSECTS","2006"
11,9,60,3,2,5,12,NA,"EMPTY","2007"
11,9,60,3,2,5,12,NA,"EMPTY","2008"
11,9,60,3,2,5,12,NA,"GRACKLE","2009"
11,9,60,3,2,5,12,NA,"KESTRELS","2010"
11,9,60,3,2,5,12,NA,"KESTRELS","2011"
11,9,60,3,2,5,12,NA,"KESTRELS","2012"
11,9,60,3,2,5,12,NA,"EMPTY","2013"
12,0,0,0,3,3,8,NA,"EMPTY","2002"
12,0,0,0,3,3,8,NA,"EMPTY","2003"
12,0,0,0,3,3,8,NA,"MOVE","2004"
12,0,0,0,3,3,8,NA,"DOWN","2005"
12,0,0,0,3,3,8,NA,"DOWN","2006"
12,0,0,0,3,3,8,NA,"MOVED","2007"
12,0,0,0,3,3,8,NA,"EMPTY","2008"
12,0,0,0,3,3,8,NA,"EMPTY","2009"
12,0,0,0,3,3,8,NA,"EMPTY","2010"
12,0,0,0,3,3,8,NA,"EMPTY","2011"
12,0,0,0,3,3,8,NA,"EMPTY","2012"
12,0,0,0,3,3,8,NA,"EMPTY","2013"
13,0,0,0,2,2,12,NA,"EMPTY","2002"
13,0,0,0,2,2,12,NA,"GRACKLE","2003"
13,0,0,0,2,2,12,NA,"EMPTY","2004"
13,0,0,0,2,2,12,NA,"KESTRELS","2005"
13,0,0,0,2,2,12,NA,"EMPTY","2006"
13,0,0,0,2,2,12,NA,"GRACKLE","2007"
13,0,0,0,2,2,12,NA,"EMPTY","2008"
13,0,0,0,2,2,12,NA,"EMPTY","2009"
13,0,0,0,2,2,12,NA,"EMPTY","2010"
13,0,0,0,2,2,12,NA,"down","2011"
13,0,0,0,2,2,12,NA,"EMPTY","2012"
13,0,0,0,2,2,12,NA,"EMPTY","2013"
14,29,77.8,7,2,9,12,NA,"EMPTY","2002"
14,29,77.8,7,2,9,12,NA,"KESTREL ","2003"
14,29,77.8,7,2,9,12,NA,"KESTRELS","2004"
14,29,77.8,7,2,9,12,NA,"EMPTY","2005"
14,29,77.8,7,2,9,12,NA,"EMPTY","2006"
14,29,77.8,7,2,9,12,NA,"KESTRELS","2007"
14,29,77.8,7,2,9,12,NA,"EMPTY","2008"
14,29,77.8,7,2,9,12,NA,"KESTRELS","2009"
14,29,77.8,7,2,9,12,NA,"KESTRELS","2010"
14,29,77.8,7,2,9,12,NA,"KESTRELS","2011"
14,29,77.8,7,2,9,12,NA,"KESTRELS","2012"
14,29,77.8,7,2,9,12,NA,"EMPTY","2013"
15,0,0,0,2,2,12,NA,"GRACKLE","2002"
15,0,0,0,2,2,12,NA,"EMPTY","2003"
15,0,0,0,2,2,12,NA,"EMPTY","2004"
15,0,0,0,2,2,12,NA,"EMPTY","2005"
15,0,0,0,2,2,12,NA,"GRACKLE","2006"
15,0,0,0,2,2,12,NA,"GRACKLE","2007"
15,0,0,0,2,2,12,NA,"STARLING","2008"
15,0,0,0,2,2,12,NA,"GRACKLE","2009"
15,0,0,0,2,2,12,NA,"GRACKLE","2010"
15,0,0,0,2,2,12,NA,"STARLING","2011"
15,0,0,0,2,2,12,NA,"EMPTY","2012"
15,0,0,0,2,2,12,NA,"EMPTY","2013"
16,5,25,1,3,4,11,NA,"EMPTY","2002"
16,5,25,1,3,4,11,NA,"EMPTY","2003"
16,5,25,1,3,4,11,NA,"EMPTY","2004"
16,5,25,1,3,4,11,NA,"KESTRELS","2005"
16,5,25,1,3,4,11,NA,"EMPTY","2006"
16,5,25,1,3,4,11,NA,"MOVED","2007"
16,5,25,1,3,4,11,NA,"EMPTY","2008"
16,5,25,1,3,4,11,NA,"GRACKLE","2009"
16,5,25,1,3,4,11,NA,"KESTRELS","2010"
16,5,25,1,3,4,11,NA,"GRACKLE","2011"
16,5,25,1,3,4,11,NA,"EMPTY","2012"
16,5,25,1,3,4,11,NA,"EMPTY","2013"
17,0,0,0,4,4,12,NA,"EMPTY","2002"
17,0,0,0,4,4,12,NA,"STARLING","2003"
17,0,0,0,4,4,12,NA,"EMPTY","2004"
17,0,0,0,4,4,12,NA,"EMPTY","2005"
17,0,0,0,4,4,12,NA,"EMPTY","2006"
17,0,0,0,4,4,12,NA,"GRACKLE","2007"
17,0,0,0,4,4,12,NA,"EMPTY","2008"
17,0,0,0,4,4,12,NA,"EMPTY","2009"
17,0,0,0,4,4,12,NA,"EMPTY","2010"
17,0,0,0,4,4,12,NA,"EMPTY","2011"
17,0,0,0,4,4,12,NA,"EMPTY","2012"
17,0,0,0,4,4,12,NA,"EMPTY","2013"
18,13,100,3,0,3,12,NA,"EMPTY","2002"
18,13,100,3,0,3,12,NA,"EMPTY","2003"
18,13,100,3,0,3,12,NA,"EMPTY","2004"
18,13,100,3,0,3,12,NA,"EMPTY","2005"
18,13,100,3,0,3,12,NA,"GRACKLE","2006"
18,13,100,3,0,3,12,NA,"KESTRELS","2007"
18,13,100,3,0,3,12,NA,"KESTRELS","2008"
18,13,100,3,0,3,12,NA,"KESTRELS","2009"
18,13,100,3,0,3,12,NA,"EMPTY","2010"
18,13,100,3,0,3,12,NA,"EMPTY","2011"
18,13,100,3,0,3,12,NA,"EMPTY","2012"
18,13,100,3,0,3,12,NA,"EMPTY","2013"
19,0,0,0,0,0,12,NA,"EMPTY","2002"
19,0,0,0,0,0,12,NA,"TREESWALLOW","2003"
19,0,0,0,0,0,12,NA,"SQUIRREL","2004"
19,0,0,0,0,0,12,NA,"STARLING","2005"
19,0,0,0,0,0,12,NA,"GRACKLE","2006"
19,0,0,0,0,0,12,NA,"GRACKLE","2007"
19,0,0,0,0,0,12,NA,"STARLING","2008"
19,0,0,0,0,0,12,NA,"GRACKLE","2009"
19,0,0,0,0,0,12,NA,"GRACKLE","2010"
19,0,0,0,0,0,12,NA,"GRACKLE","2011"
19,0,0,0,0,0,12,NA,"EMPTY","2012"
19,0,0,0,0,0,12,NA,"EMPTY","2013"
20,0,0,0,4,4,11,NA,"EMPTY","2002"
20,0,0,0,4,4,11,NA,"GRACKLE","2003"
20,0,0,0,4,4,11,NA,"EMPTY","2004"
20,0,0,0,4,4,11,NA,"EMPTY","2005"
20,0,0,0,4,4,11,NA,"EMPTY","2006"
20,0,0,0,4,4,11,NA,"MOVED","2007"
20,0,0,0,4,4,11,NA,"EMPTY","2008"
20,0,0,0,4,4,11,NA,"EMPTY","2009"
20,0,0,0,4,4,11,NA,"EMPTY","2010"
20,0,0,0,4,4,11,NA,"EMPTY","2011"
20,0,0,0,4,4,11,NA,"EMPTY","2012"
20,0,0,0,4,4,11,NA,"EMPTY","2013"
21,13,66.7,6,3,9,12,NA,"EMPTY","2002"
21,13,66.7,6,3,9,12,NA,"KESTREL ","2003"
21,13,66.7,6,3,9,12,NA,"EMPTY","2004"
21,13,66.7,6,3,9,12,NA,"EMPTY","2005"
21,13,66.7,6,3,9,12,NA,"EMPTY","2006"
21,13,66.7,6,3,9,12,NA,"EMPTY","2007"
21,13,66.7,6,3,9,12,NA,"EMPTY","2008"
21,13,66.7,6,3,9,12,NA,"KESTRELS","2009"
21,13,66.7,6,3,9,12,NA,"KESTRELS","2010"
21,13,66.7,6,3,9,12,NA,"KESTRELS","2011"
21,13,66.7,6,3,9,12,NA,"KESTRELS","2012"
21,13,66.7,6,3,9,12,NA,"KESTRELS","2013"
22,2,80,4,1,5,12,NA,"EMPTY","2002"
22,2,80,4,1,5,12,NA,"EMPTY","2003"
22,2,80,4,1,5,12,NA,"EMPTY","2004"
22,2,80,4,1,5,12,NA,"EMPTY","2005"
22,2,80,4,1,5,12,NA,"EMPTY","2006"
22,2,80,4,1,5,12,NA,"EMPTY","2007"
22,2,80,4,1,5,12,NA,"GRACKLE","2008"
22,2,80,4,1,5,12,NA,"KESTRELS","2009"
22,2,80,4,1,5,12,NA,"KESTRELS","2010"
22,2,80,4,1,5,12,NA,"STARLING","2011"
22,2,80,4,1,5,12,NA,"KESTRELS","2012"
22,2,80,4,1,5,12,NA,"KESTRELS","2013"
23,3,16.7,1,5,6,12,NA,"EMPTY","2002"
23,3,16.7,1,5,6,12,NA,"EMPTY","2003"
23,3,16.7,1,5,6,12,NA,"EMPTY","2004"
23,3,16.7,1,5,6,12,NA,"EMPTY","2005"
23,3,16.7,1,5,6,12,NA,"EMPTY","2006"
23,3,16.7,1,5,6,12,NA,"EMPTY","2007"
23,3,16.7,1,5,6,12,NA,"EMPTY","2008"
23,3,16.7,1,5,6,12,NA,"GRACKLE","2009"
23,3,16.7,1,5,6,12,NA,"KESTRELS","2010"
23,3,16.7,1,5,6,12,NA,"GRACKLE","2011"
23,3,16.7,1,5,6,12,NA,"STARLING","2012"
23,3,16.7,1,5,6,12,NA,"EMPTY","2013"
24,14,45.5,5,6,11,12,NA,"EMPTY","2002"
24,14,45.5,5,6,11,12,NA,"KESTREL ","2003"
24,14,45.5,5,6,11,12,NA,"EMPTY","2004"
24,14,45.5,5,6,11,12,NA,"KESTRELS","2005"
24,14,45.5,5,6,11,12,NA,"KESTRELS","2006"
24,14,45.5,5,6,11,12,NA,"KESTRELS","2007"
24,14,45.5,5,6,11,12,NA,"EMPTY","2008"
24,14,45.5,5,6,11,12,NA,"EMPTY","2009"
24,14,45.5,5,6,11,12,NA,"EMPTY","2010"
24,14,45.5,5,6,11,12,NA,"KESTRELS","2011"
24,14,45.5,5,6,11,12,NA,"EMPTY","2012"
24,14,45.5,5,6,11,12,NA,"EMPTY","2013"
25,0,0,0,3,3,12,NA,"EMPTY","2002"
25,0,0,0,3,3,12,NA,"GRACKLE","2003"
25,0,0,0,3,3,12,NA,"GRACKLE","2004"
25,0,0,0,3,3,12,NA,"EMPTY","2005"
25,0,0,0,3,3,12,NA,"GRACKLE","2006"
25,0,0,0,3,3,12,NA,"EMPTY","2007"
25,0,0,0,3,3,12,NA,"EMPTY","2008"
25,0,0,0,3,3,12,NA,"GRACKLE","2009"
25,0,0,0,3,3,12,NA,"GRACKLE","2010"
25,0,0,0,3,3,12,NA,"EMPTY","2011"
25,0,0,0,3,3,12,NA,"STARLING","2012"
25,0,0,0,3,3,12,NA,"EMPTY","2013"
26,10,66.7,3,2,5,12,NA,"EMPTY","2002"
26,10,66.7,3,2,5,12,NA,"EMPTY","2003"
26,10,66.7,3,2,5,12,NA,"EMPTY","2004"
26,10,66.7,3,2,5,12,NA,"EMPTY","2005"
26,10,66.7,3,2,5,12,NA,"EMPTY","2006"
26,10,66.7,3,2,5,12,NA,"GRACKLE","2007"
26,10,66.7,3,2,5,12,NA,"KESTRELS","2008"
26,10,66.7,3,2,5,12,NA,"KESTRELS","2009"
26,10,66.7,3,2,5,12,NA,"EMPTY","2010"
26,10,66.7,3,2,5,12,NA,"KESTRELS","2011"
26,10,66.7,3,2,5,12,NA,"EMPTY","2012"
26,10,66.7,3,2,5,12,NA,"EMPTY","2013"
27,16,75,6,2,8,12,NA,"EMPTY","2002"
27,16,75,6,2,8,12,NA,"EMPTY","2003"
27,16,75,6,2,8,12,NA,"EMPTY","2004"
27,16,75,6,2,8,12,NA,"KESTRELS","2005"
27,16,75,6,2,8,12,NA,"KESTRELS","2006"
27,16,75,6,2,8,12,NA,"KESTRELS","2007"
27,16,75,6,2,8,12,NA,"KESTRELS","2008"
27,16,75,6,2,8,12,NA,"KESTRELS","2009"
27,16,75,6,2,8,12,NA,"KESTRELS","2010"
27,16,75,6,2,8,12,NA,"EMPTY","2011"
27,16,75,6,2,8,12,NA,"EMPTY","2012"
27,16,75,6,2,8,12,NA,"EMPTY","2013"
28,4,33.4,1,2,3,12,NA,"EMPTY","2002"
28,4,33.4,1,2,3,12,NA,"EMPTY","2003"
28,4,33.4,1,2,3,12,NA,"EMPTY","2004"
28,4,33.4,1,2,3,12,NA,"INSECTS","2005"
28,4,33.4,1,2,3,12,NA,"EMPTY","2006"
28,4,33.4,1,2,3,12,NA,"MICE","2007"
28,4,33.4,1,2,3,12,NA,"MICE","2008"
28,4,33.4,1,2,3,12,NA,"EMPTY","2009"
28,4,33.4,1,2,3,12,NA,"KESTRELS","2010"
28,4,33.4,1,2,3,12,NA,"EMPTY","2011"
28,4,33.4,1,2,3,12,NA,"EMPTY","2012"
28,4,33.4,1,2,3,12,NA,"EMPTY","2013"
29,0,50,2,2,4,10,NA,"GRACKLE","2002"
29,0,50,2,2,4,10,NA,"STARLING","2003"
29,0,50,2,2,4,10,NA,"KESTRELS","2004"
29,0,50,2,2,4,10,NA,"KESTRELS","2005"
29,0,50,2,2,4,10,NA,"EMPTY","2006"
29,0,50,2,2,4,10,NA,"EMPTY","2007"
29,0,50,2,2,4,10,NA,"MICE","2008"
29,0,50,2,2,4,10,NA,"BROKEN","2009"
29,0,50,2,2,4,10,NA,"Down","2010"
29,0,50,2,2,4,10,NA,"EMPTY","2011"
29,0,50,2,2,4,10,NA,"STARLING","2012"
29,0,50,2,2,4,10,NA,"EMPTY","2013"
30,23,75,6,2,8,10,NA,"STARLING","2002"
30,23,75,6,2,8,10,NA,"GRACKLE","2003"
30,23,75,6,2,8,10,NA,"KESTRELS","2004"
30,23,75,6,2,8,10,NA,"KESTRELS","2005"
30,23,75,6,2,8,10,NA,"DOWN","2006"
30,23,75,6,2,8,10,NA,"MOVED","2007"
30,23,75,6,2,8,10,NA,"KESTRELS","2008"
30,23,75,6,2,8,10,NA,"KESTRELS","2009"
30,23,75,6,2,8,10,NA,"KESTRELS","2010"
30,23,75,6,2,8,10,NA,"KESTRELS","2011"
30,23,75,6,2,8,10,NA,"EMPTY","2012"
30,23,75,6,2,8,10,NA,"EMPTY","2013"
31,0,0,0,3,3,12,NA,"EMPTY","2002"
31,0,0,0,3,3,12,NA,"EMPTY","2003"
31,0,0,0,3,3,12,NA,"EMPTY","2004"
31,0,0,0,3,3,12,NA,"KESTRELS","2005"
31,0,0,0,3,3,12,NA,"EMPTY","2006"
31,0,0,0,3,3,12,NA,"EMPTY","2007"
31,0,0,0,3,3,12,NA,"EMPTY","2008"
31,0,0,0,3,3,12,NA,"EMPTY","2009"
31,0,0,0,3,3,12,NA,"EMPTY","2010"
31,0,0,0,3,3,12,NA,"Ant","2011"
31,0,0,0,3,3,12,NA,"EMPTY","2012"
31,0,0,0,3,3,12,NA,"EMPTY","2013"
32,14,71.4,5,2,7,11,NA,"EMPTY","2002"
32,14,71.4,5,2,7,11,NA,"EMPTY","2003"
32,14,71.4,5,2,7,11,NA,"EMPTY","2004"
32,14,71.4,5,2,7,11,NA,"KESTRELS","2005"
32,14,71.4,5,2,7,11,NA,"KESTRELS","2006"
32,14,71.4,5,2,7,11,NA,"KESTRELS","2007"
32,14,71.4,5,2,7,11,NA,"KESTRELS","2008"
32,14,71.4,5,2,7,11,NA,"EMPTY","2009"
32,14,71.4,5,2,7,11,NA,"EMPTY","2010"
32,14,71.4,5,2,7,11,NA,"KESTRELS","2011"
32,14,71.4,5,2,7,11,NA,"EMPTY","2012"
32,14,71.4,5,2,7,11,NA,"broken","2013"
33,0,0,0,2,2,11,NA,"EMPTY","2002"
33,0,0,0,2,2,11,NA,"STARLING","2003"
33,0,0,0,2,2,11,NA,"EMPTY","2004"
33,0,0,0,2,2,11,NA,"INSECTS","2005"
33,0,0,0,2,2,11,NA,"INSECTS","2006"
33,0,0,0,2,2,11,NA,"MOVED","2007"
33,0,0,0,2,2,11,NA,"EMPTY","2008"
33,0,0,0,2,2,11,NA,"EMPTY","2009"
33,0,0,0,2,2,11,NA,"EMPTY","2010"
33,0,0,0,2,2,11,NA,"Roost","2011"
33,0,0,0,2,2,11,NA,"EMPTY","2012"
33,0,0,0,2,2,11,NA,"EMPTY","2013"
34,4,25,1,3,4,9,NA,"EMPTY","2002"
34,4,25,1,3,4,9,NA,"EMPTY","2003"
34,4,25,1,3,4,9,NA,"INSECTS","2004"
34,4,25,1,3,4,9,NA,"EMPTY","2005"
34,4,25,1,3,4,9,NA,"EMPTY","2006"
34,4,25,1,3,4,9,NA,"MOVED","2007"
34,4,25,1,3,4,9,NA,"KESTRELS","2008"
34,4,25,1,3,4,9,NA,"DOWN","2009"
34,4,25,1,3,4,9,NA,"Down","2010"
34,4,25,1,3,4,9,NA,"EMPTY","2011"
34,4,25,1,3,4,9,NA,"EMPTY","2012"
34,4,25,1,3,4,9,NA,"EMPTY","2013"
35,9,75,3,1,4,12,NA,"EMPTY","2002"
35,9,75,3,1,4,12,NA,"EMPTY","2003"
35,9,75,3,1,4,12,NA,"EMPTY","2004"
35,9,75,3,1,4,12,NA,"EMPTY","2005"
35,9,75,3,1,4,12,NA,"EMPTY","2006"
35,9,75,3,1,4,12,NA,"EMPTY","2007"
35,9,75,3,1,4,12,NA,"EMPTY","2008"
35,9,75,3,1,4,12,NA,"KESTRELS","2009"
35,9,75,3,1,4,12,NA,"EMPTY","2010"
35,9,75,3,1,4,12,NA,"EMPTY","2011"
35,9,75,3,1,4,12,NA,"KESTRELS","2012"
35,9,75,3,1,4,12,NA,"KESTRELS","2013"
36,11,42.9,3,4,7,12,NA,"EMPTY","2002"
36,11,42.9,3,4,7,12,NA,"EMPTY","2003"
36,11,42.9,3,4,7,12,NA,"EMPTY","2004"
36,11,42.9,3,4,7,12,NA,"EMPTY","2005"
36,11,42.9,3,4,7,12,NA,"EMPTY","2006"
36,11,42.9,3,4,7,12,NA,"EMPTY","2007"
36,11,42.9,3,4,7,12,NA,"GRACKLE","2008"
36,11,42.9,3,4,7,12,NA,"STARLING","2009"
36,11,42.9,3,4,7,12,NA,"KESTRELS","2010"
36,11,42.9,3,4,7,12,NA,"KESTRELS","2011"
36,11,42.9,3,4,7,12,NA,"EMPTY","2012"
36,11,42.9,3,4,7,12,NA,"KESTRELS","2013"
37,12,66.7,4,2,6,10,NA,"EMPTY","2002"
37,12,66.7,4,2,6,10,NA,"MOUSE","2003"
37,12,66.7,4,2,6,10,NA,"EMPTY","2004"
37,12,66.7,4,2,6,10,NA,"EMPTY","2005"
37,12,66.7,4,2,6,10,NA,"DOWN","2006"
37,12,66.7,4,2,6,10,NA,"MOVED","2007"
37,12,66.7,4,2,6,10,NA,"STARLING","2008"
37,12,66.7,4,2,6,10,NA,"KESTRELS","2009"
37,12,66.7,4,2,6,10,NA,"KESTRELS","2010"
37,12,66.7,4,2,6,10,NA,"EMPTY","2011"
37,12,66.7,4,2,6,10,NA,"KESTRELS","2012"
37,12,66.7,4,2,6,10,NA,"KESTRELS","2013"
38,0,0,0,2,2,12,NA,"EMPTY","2002"
38,0,0,0,2,2,12,NA,"EMPTY","2003"
38,0,0,0,2,2,12,NA,"GRACKLE","2004"
38,0,0,0,2,2,12,NA,"GRACKLE","2005"
38,0,0,0,2,2,12,NA,"EMPTY","2006"
38,0,0,0,2,2,12,NA,"EMPTY","2007"
38,0,0,0,2,2,12,NA,"EMPTY","2008"
38,0,0,0,2,2,12,NA,"EMPTY","2009"
38,0,0,0,2,2,12,NA,"GRACKLE","2010"
38,0,0,0,2,2,12,NA,"down","2011"
38,0,0,0,2,2,12,NA,"EMPTY","2012"
38,0,0,0,2,2,12,NA,"EMPTY","2013"
39,16,85.7,6,1,7,12,NA,"EMPTY","2002"
39,16,85.7,6,1,7,12,NA,"GRACKLE","2003"
39,16,85.7,6,1,7,12,NA,"GRACKLE","2004"
39,16,85.7,6,1,7,12,NA,"KESTRELS","2005"
39,16,85.7,6,1,7,12,NA,"KESTRELS","2006"
39,16,85.7,6,1,7,12,NA,"KESTRELS","2007"
39,16,85.7,6,1,7,12,NA,"KESTRELS","2008"
39,16,85.7,6,1,7,12,NA,"KESTRELS","2009"
39,16,85.7,6,1,7,12,NA,"KESTRELS","2010"
39,16,85.7,6,1,7,12,NA,"EMPTY","2011"
39,16,85.7,6,1,7,12,NA,"EMPTY","2012"
39,16,85.7,6,1,7,12,NA,"EMPTY","2013"
40,8,75,3,1,4,12,NA,"EMPTY","2002"
40,8,75,3,1,4,12,NA,"KESTRELS","2003"
40,8,75,3,1,4,12,NA,"INSECTS","2004"
40,8,75,3,1,4,12,NA,"INSECTS","2005"
40,8,75,3,1,4,12,NA,"KESTRELS","2006"
40,8,75,3,1,4,12,NA,"EMPTY","2007"
40,8,75,3,1,4,12,NA,"SQUIRREL","2008"
40,8,75,3,1,4,12,NA,"MICE","2009"
40,8,75,3,1,4,12,NA,"KESTRELS","2010"
40,8,75,3,1,4,12,NA,"EMPTY","2011"
40,8,75,3,1,4,12,NA,"STARLING","2012"
40,8,75,3,1,4,12,NA,"EMPTY","2013"
41,0,0,0,2,2,11,NA,"EMPTY","2002"
41,0,0,0,2,2,11,NA,"EMPTY","2003"
41,0,0,0,2,2,11,NA,"GRACKLE","2004"
41,0,0,0,2,2,11,NA,"STARLING","2005"
41,0,0,0,2,2,11,NA,"EMPTY","2006"
41,0,0,0,2,2,11,NA,"EMPTY","2007"
41,0,0,0,2,2,11,NA,"EMPTY","2008"
41,0,0,0,2,2,11,NA,"STARLING","2009"
41,0,0,0,2,2,11,NA,"Down","2010"
41,0,0,0,2,2,11,NA,"GRACKLE","2011"
41,0,0,0,2,2,11,NA,"EMPTY","2012"
41,0,0,0,2,2,11,NA,"EMPTY","2013"
42,4,100,1,0,1,12,NA,"EMPTY","2002"
42,4,100,1,0,1,12,NA,"GRACKLE","2003"
42,4,100,1,0,1,12,NA,"EMPTY","2004"
42,4,100,1,0,1,12,NA,"STARLING","2005"
42,4,100,1,0,1,12,NA,"GRACKLE","2006"
42,4,100,1,0,1,12,NA,"GRACKLE","2007"
42,4,100,1,0,1,12,NA,"GRACKLE","2008"
42,4,100,1,0,1,12,NA,"EMPTY","2009"
42,4,100,1,0,1,12,NA,"KESTRELS","2010"
42,4,100,1,0,1,12,NA,"KESTRELS","2011"
42,4,100,1,0,1,12,NA,"EMPTY","2012"
42,4,100,1,0,1,12,NA,"EMPTY","2013"
43,21,83.3,5,1,6,12,NA,"EMPTY","2002"
43,21,83.3,5,1,6,12,NA,"EMPTY","2003"
43,21,83.3,5,1,6,12,NA,"GRACKLE","2004"
43,21,83.3,5,1,6,12,NA,"GRACKLE","2005"
43,21,83.3,5,1,6,12,NA,"EMPTY","2006"
43,21,83.3,5,1,6,12,NA,"EMPTY","2007"
43,21,83.3,5,1,6,12,NA,"KESTRELS","2008"
43,21,83.3,5,1,6,12,NA,"KESTRELS","2009"
43,21,83.3,5,1,6,12,NA,"KESTRELS","2010"
43,21,83.3,5,1,6,12,NA,"KESTRELS","2011"
43,21,83.3,5,1,6,12,NA,"KESTRELS","2012"
43,21,83.3,5,1,6,12,NA,"KESTRELS","2013"
44,0,0,0,2,2,12,NA,"EMPTY","2002"
44,0,0,0,2,2,12,NA,"EMPTY","2003"
44,0,0,0,2,2,12,NA,"EMPTY","2004"
44,0,0,0,2,2,12,NA,"EMPTY","2005"
44,0,0,0,2,2,12,NA,"EMPTY","2006"
44,0,0,0,2,2,12,NA,"EMPTY","2007"
44,0,0,0,2,2,12,NA,"EMPTY","2008"
44,0,0,0,2,2,12,NA,"EMPTY","2009"
44,0,0,0,2,2,12,NA,"EMPTY","2010"
44,0,0,0,2,2,12,NA,"EMPTY","2011"
44,0,0,0,2,2,12,NA,"EMPTY","2012"
44,0,0,0,2,2,12,NA,"EMPTY","2013"
45,4,40,2,5,7,12,NA,"EMPTY","2002"
45,4,40,2,5,7,12,NA,"EMPTY","2003"
45,4,40,2,5,7,12,NA,"EMPTY","2004"
45,4,40,2,5,7,12,NA,"EMPTY","2005"
45,4,40,2,5,7,12,NA,"EMPTY","2006"
45,4,40,2,5,7,12,NA,"EMPTY","2007"
45,4,40,2,5,7,12,NA,"EMPTY","2008"
45,4,40,2,5,7,12,NA,"EMPTY","2009"
45,4,40,2,5,7,12,NA,"KESTRELS","2010"
45,4,40,2,5,7,12,NA,"EMPTY","2011"
45,4,40,2,5,7,12,NA,"EMPTY","2012"
45,4,40,2,5,7,12,NA,"EMPTY","2013"
46,8,60,3,2,5,11,NA,"EMPTY","2002"
46,8,60,3,2,5,11,NA,"EMPTY","2003"
46,8,60,3,2,5,11,NA,"EMPTY","2004"
46,8,60,3,2,5,11,NA,"EMPTY","2005"
46,8,60,3,2,5,11,NA,"EMPTY","2006"
46,8,60,3,2,5,11,NA,"KESTRELS","2007"
46,8,60,3,2,5,11,NA,"KESTRELS","2008"
46,8,60,3,2,5,11,NA,"KESTRELS","2009"
46,8,60,3,2,5,11,NA,"EMPTY","2010"
46,8,60,3,2,5,11,NA,"INSECTS","2011"
46,8,60,3,2,5,11,NA,"INSECTS","2012"
46,8,60,3,2,5,11,NA,"Down","2013"
47,12,57.1,4,3,7,12,NA,"EMPTY","2002"
47,12,57.1,4,3,7,12,NA,"EMPTY","2003"
47,12,57.1,4,3,7,12,NA,"EMPTY","2004"
47,12,57.1,4,3,7,12,NA,"EMPTY","2005"
47,12,57.1,4,3,7,12,NA,"EMPTY","2006"
47,12,57.1,4,3,7,12,NA,"KESTRELS","2007"
47,12,57.1,4,3,7,12,NA,"EMPTY","2008"
47,12,57.1,4,3,7,12,NA,"KESTRELS","2009"
47,12,57.1,4,3,7,12,NA,"EMPTY","2010"
47,12,57.1,4,3,7,12,NA,"KESTRELS","2011"
47,12,57.1,4,3,7,12,NA,"KESTRELS","2012"
47,12,57.1,4,3,7,12,NA,"KESTRELS","2013"
48,4,100,1,0,1,11,NA,"EMPTY","2002"
48,4,100,1,0,1,11,NA,"EMPTY","2003"
48,4,100,1,0,1,11,NA,"EMPTY","2004"
48,4,100,1,0,1,11,NA,"GRACKLE","2005"
48,4,100,1,0,1,11,NA,"KESTRELS","2006"
48,4,100,1,0,1,11,NA,"MOVED","2007"
48,4,100,1,0,1,11,NA,"EMPTY","2008"
48,4,100,1,0,1,11,NA,"KESTRELS","2009"
48,4,100,1,0,1,11,NA,"EMPTY","2010"
48,4,100,1,0,1,11,NA,"EMPTY","2011"
48,4,100,1,0,1,11,NA,"EMPTY","2012"
48,4,100,1,0,1,11,NA,"EMPTY","2013"
49,10,42.9,5,2,7,12,NA,"EMPTY","2002"
49,10,42.9,5,2,7,12,NA,"KESTRELS","2003"
49,10,42.9,5,2,7,12,NA,"EMPTY","2004"
49,10,42.9,5,2,7,12,NA,"GRACKLE","2005"
49,10,42.9,5,2,7,12,NA,"KESTRELS","2006"
49,10,42.9,5,2,7,12,NA,"KESTRELS","2007"
49,10,42.9,5,2,7,12,NA,"KESTRELS","2008"
49,10,42.9,5,2,7,12,NA,"KESTRELS","2009"
49,10,42.9,5,2,7,12,NA,"EMPTY","2010"
49,10,42.9,5,2,7,12,NA,"EMPTY","2011"
49,10,42.9,5,2,7,12,NA,"GRACKLE","2012"
49,10,42.9,5,2,7,12,NA,"EMPTY","2013"
50,4,25,1,3,4,12,NA,"EMPTY","2002"
50,4,25,1,3,4,12,NA,"EMPTY","2003"
50,4,25,1,3,4,12,NA,"EMPTY","2004"
50,4,25,1,3,4,12,NA,"EMPTY","2005"
50,4,25,1,3,4,12,NA,"EMPTY","2006"
50,4,25,1,3,4,12,NA,"EMPTY","2007"
50,4,25,1,3,4,12,NA,"KESTRELS","2008"
50,4,25,1,3,4,12,NA,"EMPTY","2009"
50,4,25,1,3,4,12,NA,"EMPTY","2010"
50,4,25,1,3,4,12,NA,"Merganser Nest","2011"
50,4,25,1,3,4,12,NA,"EMPTY","2012"
50,4,25,1,3,4,12,NA,"EMPTY","2013"
51,18,60,5,2,7,12,NA,"EMPTY","2002"
51,18,60,5,2,7,12,NA,"EMPTY","2003"
51,18,60,5,2,7,12,NA,"KESTRELS","2004"
51,18,60,5,2,7,12,NA,"KESTRELS","2005"
51,18,60,5,2,7,12,NA,"EMPTY","2006"
51,18,60,5,2,7,12,NA,"KESTRELS","2007"
51,18,60,5,2,7,12,NA,"SQUIRREL","2008"
51,18,60,5,2,7,12,NA,"EMPTY","2009"
51,18,60,5,2,7,12,NA,"KESTRELS","2010"
51,18,60,5,2,7,12,NA,"KESTRELS","2011"
51,18,60,5,2,7,12,NA,"Merganser Nest","2012"
51,18,60,5,2,7,12,NA,"KESTRELS","2013"
52,4,25,1,3,4,12,NA,"GRACKLE","2002"
52,4,25,1,3,4,12,NA,"INSECTS","2003"
52,4,25,1,3,4,12,NA,"MOUSE","2004"
52,4,25,1,3,4,12,NA,"EMPTY","2005"
52,4,25,1,3,4,12,NA,"EMPTY","2006"
52,4,25,1,3,4,12,NA,"EMPTY","2007"
52,4,25,1,3,4,12,NA,"EMPTY","2008"
52,4,25,1,3,4,12,NA,"EMPTY","2009"
52,4,25,1,3,4,12,NA,"EMPTY","2010"
52,4,25,1,3,4,12,NA,"EMPTY","2011"
52,4,25,1,3,4,12,NA,"KESTRELS","2012"
52,4,25,1,3,4,12,NA,"EMPTY","2013"
53,23,83.3,5,1,6,12,NA,"EMPTY","2002"
53,23,83.3,5,1,6,12,NA,"EMPTY","2003"
53,23,83.3,5,1,6,12,NA,"EMPTY","2004"
53,23,83.3,5,1,6,12,NA,"KESTRELS","2005"
53,23,83.3,5,1,6,12,NA,"KESTRELS","2006"
53,23,83.3,5,1,6,12,NA,"EMPTY","2007"
53,23,83.3,5,1,6,12,NA,"MICE","2008"
53,23,83.3,5,1,6,12,NA,"KESTRELS","2009"
53,23,83.3,5,1,6,12,NA,"KESTRELS","2010"
53,23,83.3,5,1,6,12,NA,"EMPTY","2011"
53,23,83.3,5,1,6,12,NA,"KESTRELS","2012"
53,23,83.3,5,1,6,12,NA,"EMPTY","2013"
54,6,100,4,0,4,12,NA,"TREESWALLOW","2002"
54,6,100,4,0,4,12,NA,"EMPTY","2003"
54,6,100,4,0,4,12,NA,"KESTRELS","2004"
54,6,100,4,0,4,12,NA,"KESTRELS","2005"
54,6,100,4,0,4,12,NA,"EMPTY","2006"
54,6,100,4,0,4,12,NA,"KESTRELS","2007"
54,6,100,4,0,4,12,NA,"EMPTY","2008"
54,6,100,4,0,4,12,NA,"EMPTY","2009"
54,6,100,4,0,4,12,NA,"GRACKLE","2010"
54,6,100,4,0,4,12,NA,"EMPTY","2011"
54,6,100,4,0,4,12,NA,"EMPTY","2012"
54,6,100,4,0,4,12,NA,"KESTRELS","2013"
55,4,25,1,3,4,12,NA,"EMPTY","2002"
55,4,25,1,3,4,12,NA,"EMPTY","2003"
55,4,25,1,3,4,12,NA,"EMPTY","2004"
55,4,25,1,3,4,12,NA,"EMPTY","2005"
55,4,25,1,3,4,12,NA,"EMPTY","2006"
55,4,25,1,3,4,12,NA,"EMPTY","2007"
55,4,25,1,3,4,12,NA,"KESTRELS","2008"
55,4,25,1,3,4,12,NA,"INSECTS","2009"
55,4,25,1,3,4,12,NA,"EMPTY","2010"
55,4,25,1,3,4,12,NA,"EMPTY","2011"
55,4,25,1,3,4,12,NA,"EMPTY","2012"
55,4,25,1,3,4,12,NA,"EMPTY","2013"
56,21,75,6,2,8,12,NA,"EMPTY","2002"
56,21,75,6,2,8,12,NA,"EMPTY","2003"
56,21,75,6,2,8,12,NA,"KESTRELS","2004"
56,21,75,6,2,8,12,NA,"EMPTY","2005"
56,21,75,6,2,8,12,NA,"EMPTY","2006"
56,21,75,6,2,8,12,NA,"KESTRELS","2007"
56,21,75,6,2,8,12,NA,"KESTRELS","2008"
56,21,75,6,2,8,12,NA,"EMPTY","2009"
56,21,75,6,2,8,12,NA,"KESTRELS","2010"
56,21,75,6,2,8,12,NA,"KESTRELS","2011"
56,21,75,6,2,8,12,NA,"KESTRELS","2012"
56,21,75,6,2,8,12,NA,"EMPTY","2013"
57,3,40,2,3,5,12,NA,"EMPTY","2002"
57,3,40,2,3,5,12,NA,"EMPTY","2003"
57,3,40,2,3,5,12,NA,"INSECTS","2004"
57,3,40,2,3,5,12,NA,"WOOD DUCK EGGS","2005"
57,3,40,2,3,5,12,NA,"WOOD DUCK EGGS","2006"
57,3,40,2,3,5,12,NA,"EMPTY","2007"
57,3,40,2,3,5,12,NA,"EMPTY","2008"
57,3,40,2,3,5,12,NA,"EMPTY","2009"
57,3,40,2,3,5,12,NA,"EMPTY","2010"
57,3,40,2,3,5,12,NA,"EMPTY","2011"
57,3,40,2,3,5,12,NA,"INSECTS","2012"
57,3,40,2,3,5,12,NA,"KESTRELS","2013"
58,0,0,0,0,0,12,NA,"SQUIRREL","2002"
58,0,0,0,0,0,12,NA,"EMPTY","2003"
58,0,0,0,0,0,12,NA,"EMPTY","2004"
58,0,0,0,0,0,12,NA,"EMPTY","2005"
58,0,0,0,0,0,12,NA,"EMPTY","2006"
58,0,0,0,0,0,12,NA,"EMPTY","2007"
58,0,0,0,0,0,12,NA,"EMPTY","2008"
58,0,0,0,0,0,12,NA,"EMPTY","2009"
58,0,0,0,0,0,12,NA,"EMPTY","2010"
58,0,0,0,0,0,12,NA,"EMPTY","2011"
58,0,0,0,0,0,12,NA,"EMPTY","2012"
58,0,0,0,0,0,12,NA,"EMPTY","2013"
59,4,50,1,1,2,12,NA,"EMPTY","2002"
59,4,50,1,1,2,12,NA,"GREAT CREASTED FLYCATCHER","2003"
59,4,50,1,1,2,12,NA,"MOUSE","2004"
59,4,50,1,1,2,12,NA,"INSECTS","2005"
59,4,50,1,1,2,12,NA,"MICE","2006"
59,4,50,1,1,2,12,NA,"GRACKLE","2007"
59,4,50,1,1,2,12,NA,"GRACKLE","2008"
59,4,50,1,1,2,12,NA,"STARLING","2009"
59,4,50,1,1,2,12,NA,"EMPTY","2010"
59,4,50,1,1,2,12,NA,"EMPTY","2011"
59,4,50,1,1,2,12,NA,"EMPTY","2012"
59,4,50,1,1,2,12,NA,"KESTRELS","2013"
60,13,80,4,1,5,10,NA,"EMPTY","2002"
60,13,80,4,1,5,10,NA,"EMPTY","2003"
60,13,80,4,1,5,10,NA,"KESTRELS","2004"
60,13,80,4,1,5,10,NA,"KESTRELS","2005"
60,13,80,4,1,5,10,NA,"DOWN","2006"
60,13,80,4,1,5,10,NA,"MOVED","2007"
60,13,80,4,1,5,10,NA,"EMPTY","2008"
60,13,80,4,1,5,10,NA,"EMPTY","2009"
60,13,80,4,1,5,10,NA,"EMPTY","2010"
60,13,80,4,1,5,10,NA,"KESTRELS","2011"
60,13,80,4,1,5,10,NA,"KESTRELS","2012"
60,13,80,4,1,5,10,NA,"EMPTY","2013"
61,9,33.3,2,4,6,12,NA,"SQUIRREL","2002"
61,9,33.3,2,4,6,12,NA,"EMPTY","2003"
61,9,33.3,2,4,6,12,NA,"EMPTY","2004"
61,9,33.3,2,4,6,12,NA,"KESTRELS","2005"
61,9,33.3,2,4,6,12,NA,"EMPTY","2006"
61,9,33.3,2,4,6,12,NA,"EMPTY","2007"
61,9,33.3,2,4,6,12,NA,"EMPTY","2008"
61,9,33.3,2,4,6,12,NA,"KESTRELS","2009"
61,9,33.3,2,4,6,12,NA,"EMPTY","2010"
61,9,33.3,2,4,6,12,NA,"squirrel","2011"
61,9,33.3,2,4,6,12,NA,"EMPTY","2012"
61,9,33.3,2,4,6,12,NA,"EMPTY","2013"
62,10,50,3,3,6,12,NA,"GRACKLE","2002"
62,10,50,3,3,6,12,NA,"EMPTY","2003"
62,10,50,3,3,6,12,NA,"STARLING","2004"
62,10,50,3,3,6,12,NA,"GRACKLE","2005"
62,10,50,3,3,6,12,NA,"KESTRELS","2006"
62,10,50,3,3,6,12,NA,"KESTRELS","2007"
62,10,50,3,3,6,12,NA,"EMPTY","2008"
62,10,50,3,3,6,12,NA,"EMPTY","2009"
62,10,50,3,3,6,12,NA,"KESTRELS","2010"
62,10,50,3,3,6,12,NA,"EMPTY","2011"
62,10,50,3,3,6,12,NA,"EMPTY","2012"
62,10,50,3,3,6,12,NA,"EMPTY","2013"
63,4,33.3,2,4,6,11,NA,"EMPTY","2002"
63,4,33.3,2,4,6,11,NA,"EMPTY","2003"
63,4,33.3,2,4,6,11,NA,"EMPTY","2004"
63,4,33.3,2,4,6,11,NA,"KESTRELS","2005"
63,4,33.3,2,4,6,11,NA,"KESTRELS","2006"
63,4,33.3,2,4,6,11,NA,"DOWN","2007"
63,4,33.3,2,4,6,11,NA,"EMPTY","2008"
63,4,33.3,2,4,6,11,NA,"EMPTY","2009"
63,4,33.3,2,4,6,11,NA,"EMPTY","2010"
63,4,33.3,2,4,6,11,NA,"EMPTY","2011"
63,4,33.3,2,4,6,11,NA,"GRACKLE","2012"
63,4,33.3,2,4,6,11,NA,"EMPTY","2013"
64,0,0,0,2,2,12,NA,"EMPTY","2002"
64,0,0,0,2,2,12,NA,"EMPTY","2003"
64,0,0,0,2,2,12,NA,"EMPTY","2004"
64,0,0,0,2,2,12,NA,"EMPTY","2005"
64,0,0,0,2,2,12,NA,"EMPTY","2006"
64,0,0,0,2,2,12,NA,"GRACKLE","2007"
64,0,0,0,2,2,12,NA,"GRACKLE","2008"
64,0,0,0,2,2,12,NA,"STARLING","2009"
64,0,0,0,2,2,12,NA,"GRACKLE","2010"
64,0,0,0,2,2,12,NA,"STARLING","2011"
64,0,0,0,2,2,12,NA,"STARLING","2012"
64,0,0,0,2,2,12,NA,"KESTRELS","2013"
65,0,0,0,2,2,12,NA,"EMPTY","2002"
65,0,0,0,2,2,12,NA,"EMPTY","2003"
65,0,0,0,2,2,12,NA,"EMPTY","2004"
65,0,0,0,2,2,12,NA,"INSECTS","2005"
65,0,0,0,2,2,12,NA,"FLY CATCHER","2006"
65,0,0,0,2,2,12,NA,"INSECTS","2007"
65,0,0,0,2,2,12,NA,"INSECTS","2008"
65,0,0,0,2,2,12,NA,"MICE","2009"
65,0,0,0,2,2,12,NA,"GRACKLE","2010"
65,0,0,0,2,2,12,NA,"EMPTY","2011"
65,0,0,0,2,2,12,NA,"EMPTY","2012"
65,0,0,0,2,2,12,NA,"EMPTY","2013"
66,5,80,4,1,5,12,NA,"EMPTY","2002"
66,5,80,4,1,5,12,NA,"EMPTY","2003"
66,5,80,4,1,5,12,NA,"EMPTY","2004"
66,5,80,4,1,5,12,NA,"EMPTY","2005"
66,5,80,4,1,5,12,NA,"KESTRELS","2006"
66,5,80,4,1,5,12,NA,"GRACKLE","2007"
66,5,80,4,1,5,12,NA,"GRACKLE","2008"
66,5,80,4,1,5,12,NA,"KESTRELS","2009"
66,5,80,4,1,5,12,NA,"KESTRELS","2010"
66,5,80,4,1,5,12,NA,"GRACKLE","2011"
66,5,80,4,1,5,12,NA,"KESTRELS","2012"
66,5,80,4,1,5,12,NA,"EMPTY","2013"
67,11,100,4,0,4,12,NA,"EMPTY","2002"
67,11,100,4,0,4,12,NA,"EMPTY","2003"
67,11,100,4,0,4,12,NA,"STARLING","2004"
67,11,100,4,0,4,12,NA,"EMPTY","2005"
67,11,100,4,0,4,12,NA,"EMPTY","2006"
67,11,100,4,0,4,12,NA,"KESTRELS","2007"
67,11,100,4,0,4,12,NA,"MICE","2008"
67,11,100,4,0,4,12,NA,"KESTRELS","2009"
67,11,100,4,0,4,12,NA,"KESTRELS","2010"
67,11,100,4,0,4,12,NA,"EMPTY","2011"
67,11,100,4,0,4,12,NA,"EMPTY","2012"
67,11,100,4,0,4,12,NA,"EMPTY","2013"
68,6,75,3,1,4,12,NA,"EMPTY","2002"
68,6,75,3,1,4,12,NA,"EMPTY","2003"
68,6,75,3,1,4,12,NA,"GRACKLE","2004"
68,6,75,3,1,4,12,NA,"STARLING","2005"
68,6,75,3,1,4,12,NA,"KESTRELS","2006"
68,6,75,3,1,4,12,NA,"EMPTY","2007"
68,6,75,3,1,4,12,NA,"EMPTY","2008"
68,6,75,3,1,4,12,NA,"EMPTY","2009"
68,6,75,3,1,4,12,NA,"EMPTY","2010"
68,6,75,3,1,4,12,NA,"squirrel","2011"
68,6,75,3,1,4,12,NA,"KESTRELS","2012"
68,6,75,3,1,4,12,NA,"EMPTY","2013"
69,8,66.7,2,1,3,10,NA,"EMPTY","2002"
69,8,66.7,2,1,3,10,NA,"EMPTY","2003"
69,8,66.7,2,1,3,10,NA,"KESTRELS","2004"
69,8,66.7,2,1,3,10,NA,"EMPTY","2005"
69,8,66.7,2,1,3,10,NA,"EMPTY","2006"
69,8,66.7,2,1,3,10,NA,"KESTRELS","2007"
69,8,66.7,2,1,3,10,NA,"EMPTY","2008"
69,8,66.7,2,1,3,10,NA,"DOWN","2009"
69,8,66.7,2,1,3,10,NA,"Down","2010"
69,8,66.7,2,1,3,10,NA,"EMPTY","2011"
69,8,66.7,2,1,3,10,NA,"EMPTY","2012"
69,8,66.7,2,1,3,10,NA,"Tree Swallow","2013"
70,0,50,1,1,2,10,NA,"EMPTY","2002"
70,0,50,1,1,2,10,NA,"EMPTY","2003"
70,0,50,1,1,2,10,NA,"GRACKLE","2004"
70,0,50,1,1,2,10,NA,"GRACKLE","2005"
70,0,50,1,1,2,10,NA,"KESTRELS","2006"
70,0,50,1,1,2,10,NA,"EMPTY","2007"
70,0,50,1,1,2,10,NA,"STARLING","2008"
70,0,50,1,1,2,10,NA,"DOWN","2009"
70,0,50,1,1,2,10,NA,"Down","2010"
70,0,50,1,1,2,10,NA,"GRACKLE","2011"
70,0,50,1,1,2,10,NA,"EMPTY","2012"
70,0,50,1,1,2,10,NA,"INSECTS","2013"
71,5,100,2,0,2,12,NA,"EMPTY","2002"
71,5,100,2,0,2,12,NA,"EMPTY","2003"
71,5,100,2,0,2,12,NA,"MOUSE","2004"
71,5,100,2,0,2,12,NA,"EMPTY","2005"
71,5,100,2,0,2,12,NA,"SQUIRREL","2006"
71,5,100,2,0,2,12,NA,"EMPTY","2007"
71,5,100,2,0,2,12,NA,"KESTRELS","2008"
71,5,100,2,0,2,12,NA,"EMPTY","2009"
71,5,100,2,0,2,12,NA,"EMPTY","2010"
71,5,100,2,0,2,12,NA,"GRACKLE","2011"
71,5,100,2,0,2,12,NA,"KESTRELS","2012"
71,5,100,2,0,2,12,NA,"EMPTY","2013"
72,4,100,1,0,1,11,NA,"EMPTY","2002"
72,4,100,1,0,1,11,NA,"WOODDUCK","2003"
72,4,100,1,0,1,11,NA,"EMPTY","2004"
72,4,100,1,0,1,11,NA,"GRACKLE","2005"
72,4,100,1,0,1,11,NA,"GRACKLE","2006"
72,4,100,1,0,1,11,NA,"KESTRELS","2007"
72,4,100,1,0,1,11,NA,"EMPTY","2008"
72,4,100,1,0,1,11,NA,"STARLING","2009"
72,4,100,1,0,1,11,NA,"Down","2010"
72,4,100,1,0,1,11,NA,"EMPTY","2011"
72,4,100,1,0,1,11,NA,"STARLING","2012"
72,4,100,1,0,1,11,NA,"STARLING","2013"
73,7,50,2,2,4,11,NA,"EMPTY","2002"
73,7,50,2,2,4,11,NA,"EMPTY","2003"
73,7,50,2,2,4,11,NA,"EMPTY","2004"
73,7,50,2,2,4,11,NA,"EMPTY","2005"
73,7,50,2,2,4,11,NA,"EMPTY","2006"
73,7,50,2,2,4,11,NA,"KESTRELS","2007"
73,7,50,2,2,4,11,NA,"STARLING","2008"
73,7,50,2,2,4,11,NA,"EMPTY","2009"
73,7,50,2,2,4,11,NA,"KESTRELS","2010"
73,7,50,2,2,4,11,NA,"down","2011"
73,7,50,2,2,4,11,NA,"Down","2012"
73,7,50,2,2,4,11,NA,"EMPTY","2013"
74,11,75,3,1,4,12,NA,"EMPTY","2002"
74,11,75,3,1,4,12,NA,"EMPTY","2003"
74,11,75,3,1,4,12,NA,"EMPTY","2004"
74,11,75,3,1,4,12,NA,"STARLING","2005"
74,11,75,3,1,4,12,NA,"INSECTS","2006"
74,11,75,3,1,4,12,NA,"EMPTY","2007"
74,11,75,3,1,4,12,NA,"STARLING","2008"
74,11,75,3,1,4,12,NA,"KESTRELS","2009"
74,11,75,3,1,4,12,NA,"GRACKLE","2010"
74,11,75,3,1,4,12,NA,"KESTRELS","2011"
74,11,75,3,1,4,12,NA,"EMPTY","2012"
74,11,75,3,1,4,12,NA,"KESTRELS","2013"
75,5,100,3,0,3,12,NA,"EMPTY","2002"
75,5,100,3,0,3,12,NA,"GRACKLE","2003"
75,5,100,3,0,3,12,NA,"GRACKLE","2004"
75,5,100,3,0,3,12,NA,"KESTRELS","2005"
75,5,100,3,0,3,12,NA,"KESTRELS","2006"
75,5,100,3,0,3,12,NA,"EMPTY","2007"
75,5,100,3,0,3,12,NA,"EMPTY","2008"
75,5,100,3,0,3,12,NA,"SQUIRREL","2009"
75,5,100,3,0,3,12,NA,"KESTRELS","2010"
75,5,100,3,0,3,12,NA,"GRACKLE","2011"
75,5,100,3,0,3,12,NA,"EMPTY","2012"
75,5,100,3,0,3,12,NA,"EMPTY","2013"
76,12,60,5,2,7,12,NA,"KESTRELS","2002"
76,12,60,5,2,7,12,NA,"KESTRELS","2003"
76,12,60,5,2,7,12,NA,"STARLING","2004"
76,12,60,5,2,7,12,NA,"EMPTY","2005"
76,12,60,5,2,7,12,NA,"EMPTY","2006"
76,12,60,5,2,7,12,NA,"EMPTY","2007"
76,12,60,5,2,7,12,NA,"STARLING","2008"
76,12,60,5,2,7,12,NA,"STARLING","2009"
76,12,60,5,2,7,12,NA,"GRACKLE","2010"
76,12,60,5,2,7,12,NA,"KESTRELS","2011"
76,12,60,5,2,7,12,NA,"KESTRELS","2012"
76,12,60,5,2,7,12,NA,"KESTRELS","2013"
77,15,80,4,1,5,12,NA,"EMPTY","2002"
77,15,80,4,1,5,12,NA,"EMPTY","2003"
77,15,80,4,1,5,12,NA,"KESTRELS","2004"
77,15,80,4,1,5,12,NA,"EMPTY","2005"
77,15,80,4,1,5,12,NA,"EMPTY","2006"
77,15,80,4,1,5,12,NA,"KESTRELS","2007"
77,15,80,4,1,5,12,NA,"KESTRELS","2008"
77,15,80,4,1,5,12,NA,"EMPTY","2009"
77,15,80,4,1,5,12,NA,"KESTRELS","2010"
77,15,80,4,1,5,12,NA,"EMPTY","2011"
77,15,80,4,1,5,12,NA,"EMPTY","2012"
77,15,80,4,1,5,12,NA,"EMPTY","2013"
78,7,75,3,1,4,10,NA,"GRACKLE","2002"
78,7,75,3,1,4,10,NA,"GRACKLE","2003"
78,7,75,3,1,4,10,NA,"GRACKLE","2004"
78,7,75,3,1,4,10,NA,"WOOD DUCK EGGS","2005"
78,7,75,3,1,4,10,NA,"KESTRELS","2006"
78,7,75,3,1,4,10,NA,"KESTRELS","2007"
78,7,75,3,1,4,10,NA,"KESTRELS","2008"
78,7,75,3,1,4,10,NA,"DOWN","2009"
78,7,75,3,1,4,10,NA,"Down","2010"
78,7,75,3,1,4,10,NA,"EMPTY","2011"
78,7,75,3,1,4,10,NA,"EMPTY","2012"
78,7,75,3,1,4,10,NA,"EMPTY","2013"
79,0,20,1,4,5,12,NA,"EMPTY","2002"
79,0,20,1,4,5,12,NA,"MOUSE","2003"
79,0,20,1,4,5,12,NA,"EMPTY","2004"
79,0,20,1,4,5,12,NA,"EMPTY","2005"
79,0,20,1,4,5,12,NA,"GRACKLE","2006"
79,0,20,1,4,5,12,NA,"EMPTY","2007"
79,0,20,1,4,5,12,NA,"KESTRELS","2008"
79,0,20,1,4,5,12,NA,"EMPTY","2009"
79,0,20,1,4,5,12,NA,"GRACKLE","2010"
79,0,20,1,4,5,12,NA,"EMPTY","2011"
79,0,20,1,4,5,12,NA,"EMPTY","2012"
79,0,20,1,4,5,12,NA,"EMPTY","2013"
80,17,55.6,5,4,9,12,NA,"GRACKLE","2002"
80,17,55.6,5,4,9,12,NA,"EMPTY","2003"
80,17,55.6,5,4,9,12,NA,"KESTRELS","2004"
80,17,55.6,5,4,9,12,NA,"KESTRELS","2005"
80,17,55.6,5,4,9,12,NA,"KESTRELS","2006"
80,17,55.6,5,4,9,12,NA,"EMPTY","2007"
80,17,55.6,5,4,9,12,NA,"KESTRELS","2008"
80,17,55.6,5,4,9,12,NA,"KESTRELS","2009"
80,17,55.6,5,4,9,12,NA,"EMPTY","2010"
80,17,55.6,5,4,9,12,NA,"EMPTY","2011"
80,17,55.6,5,4,9,12,NA,"EMPTY","2012"
80,17,55.6,5,4,9,12,NA,"GRACKLE","2013"
81,3,100,1,0,1,12,NA,"EMPTY","2002"
81,3,100,1,0,1,12,NA,"EMPTY","2003"
81,3,100,1,0,1,12,NA,"GRACKLE","2004"
81,3,100,1,0,1,12,NA,"KESTRELS","2005"
81,3,100,1,0,1,12,NA,"EMPTY","2006"
81,3,100,1,0,1,12,NA,"EMPTY","2007"
81,3,100,1,0,1,12,NA,"EMPTY","2008"
81,3,100,1,0,1,12,NA,"GRACKLE","2009"
81,3,100,1,0,1,12,NA,"STARLING","2010"
81,3,100,1,0,1,12,NA,"EMPTY","2011"
81,3,100,1,0,1,12,NA,"EMPTY","2012"
81,3,100,1,0,1,12,NA,"EMPTY","2013"
82,12,75,3,1,4,10,NA,"EMPTY","2002"
82,12,75,3,1,4,10,NA,"GRACKLE","2003"
82,12,75,3,1,4,10,NA,"KESTRELS","2004"
82,12,75,3,1,4,10,NA,"KESTRELS","2005"
82,12,75,3,1,4,10,NA,"EMPTY","2006"
82,12,75,3,1,4,10,NA,"EMPTY","2007"
82,12,75,3,1,4,10,NA,"MICE","2008"
82,12,75,3,1,4,10,NA,"DOWN","2009"
82,12,75,3,1,4,10,NA,"Down","2010"
82,12,75,3,1,4,10,NA,"GRACKLE","2011"
82,12,75,3,1,4,10,NA,"KESTRELS","2012"
82,12,75,3,1,4,10,NA,"EMPTY","2013"
83,18,57.1,4,3,7,12,NA,"EMPTY","2002"
83,18,57.1,4,3,7,12,NA,"EMPTY","2003"
83,18,57.1,4,3,7,12,NA,"GRACKLE","2004"
83,18,57.1,4,3,7,12,NA,"EMPTY","2005"
83,18,57.1,4,3,7,12,NA,"EMPTY","2006"
83,18,57.1,4,3,7,12,NA,"KESTRELS","2007"
83,18,57.1,4,3,7,12,NA,"KESTRELS","2008"
83,18,57.1,4,3,7,12,NA,"KESTRELS","2009"
83,18,57.1,4,3,7,12,NA,"KESTRELS","2010"
83,18,57.1,4,3,7,12,NA,"EMPTY","2011"
83,18,57.1,4,3,7,12,NA,"EMPTY","2012"
83,18,57.1,4,3,7,12,NA,"EMPTY","2013"
84,13,66.7,4,2,6,12,NA,"EMPTY","2002"
84,13,66.7,4,2,6,12,NA,"GRACKLE","2003"
84,13,66.7,4,2,6,12,NA,"KESTRELS","2004"
84,13,66.7,4,2,6,12,NA,"KESTRELS","2005"
84,13,66.7,4,2,6,12,NA,"EMPTY","2006"
84,13,66.7,4,2,6,12,NA,"EMPTY","2007"
84,13,66.7,4,2,6,12,NA,"EMPTY","2008"
84,13,66.7,4,2,6,12,NA,"STARLING","2009"
84,13,66.7,4,2,6,12,NA,"KESTRELS","2010"
84,13,66.7,4,2,6,12,NA,"KESTRELS","2011"
84,13,66.7,4,2,6,12,NA,"EMPTY","2012"
84,13,66.7,4,2,6,12,NA,"EMPTY","2013"
85,3,33.3,2,4,6,12,NA,"EMPTY","2002"
85,3,33.3,2,4,6,12,NA,"EMPTY","2003"
85,3,33.3,2,4,6,12,NA,"EMPTY","2004"
85,3,33.3,2,4,6,12,NA,"EMPTY","2005"
85,3,33.3,2,4,6,12,NA,"EMPTY","2006"
85,3,33.3,2,4,6,12,NA,"GRACKLE","2007"
85,3,33.3,2,4,6,12,NA,"EMPTY","2008"
85,3,33.3,2,4,6,12,NA,"EMPTY","2009"
85,3,33.3,2,4,6,12,NA,"GRACKLE","2010"
85,3,33.3,2,4,6,12,NA,"KESTRELS","2011"
85,3,33.3,2,4,6,12,NA,"KESTRELS","2012"
85,3,33.3,2,4,6,12,NA,"EMPTY","2013"
86,11,57.1,5,2,7,11,NA,"EMPTY","2002"
86,11,57.1,5,2,7,11,NA,"EMPTY","2003"
86,11,57.1,5,2,7,11,NA,"EMPTY","2004"
86,11,57.1,5,2,7,11,NA,"EMPTY","2005"
86,11,57.1,5,2,7,11,NA,"EMPTY","2006"
86,11,57.1,5,2,7,11,NA,"KESTRELS","2007"
86,11,57.1,5,2,7,11,NA,"KESTRELS","2008"
86,11,57.1,5,2,7,11,NA,"KESTRELS","2009"
86,11,57.1,5,2,7,11,NA,"EMPTY","2010"
86,11,57.1,5,2,7,11,NA,"KESTRELS","2011"
86,11,57.1,5,2,7,11,NA,"EMPTY","2012"
86,11,57.1,5,2,7,11,NA,"Kestrel (2)","2013"
87,14,50,3,3,6,12,NA,"EMPTY","2002"
87,14,50,3,3,6,12,NA,"KESTRELS","2003"
87,14,50,3,3,6,12,NA,"EMPTY","2004"
87,14,50,3,3,6,12,NA,"GRACKLE","2005"
87,14,50,3,3,6,12,NA,"EMPTY","2006"
87,14,50,3,3,6,12,NA,"GRACKLE","2007"
87,14,50,3,3,6,12,NA,"GRACKLE","2008"
87,14,50,3,3,6,12,NA,"GRACKLE","2009"
87,14,50,3,3,6,12,NA,"GRACKLE","2010"
87,14,50,3,3,6,12,NA,"KESTRELS","2011"
87,14,50,3,3,6,12,NA,"KESTRELS","2012"
87,14,50,3,3,6,12,NA,"EMPTY","2013"
88,5,100,1,0,1,12,NA,"GRACKLE","2002"
88,5,100,1,0,1,12,NA,"GRACKLE","2003"
88,5,100,1,0,1,12,NA,"GRACKLE","2004"
88,5,100,1,0,1,12,NA,"GRACKLE","2005"
88,5,100,1,0,1,12,NA,"STARLING","2006"
88,5,100,1,0,1,12,NA,"KESTRELS","2007"
88,5,100,1,0,1,12,NA,"GRACKLE","2008"
88,5,100,1,0,1,12,NA,"STARLING","2009"
88,5,100,1,0,1,12,NA,"GRACKLE","2010"
88,5,100,1,0,1,12,NA,"GRACKLE","2011"
88,5,100,1,0,1,12,NA,"EMPTY","2012"
88,5,100,1,0,1,12,NA,"EMPTY","2013"
89,5,40,2,3,5,12,NA,"GRACKLE","2002"
89,5,40,2,3,5,12,NA,"GRACKLE","2003"
89,5,40,2,3,5,12,NA,"STARLING","2004"
89,5,40,2,3,5,12,NA,"GRACKLE","2005"
89,5,40,2,3,5,12,NA,"GRACKLE","2006"
89,5,40,2,3,5,12,NA,"EMPTY","2007"
89,5,40,2,3,5,12,NA,"KESTRELS","2008"
89,5,40,2,3,5,12,NA,"KESTRELS","2009"
89,5,40,2,3,5,12,NA,"EMPTY","2010"
89,5,40,2,3,5,12,NA,"STARLING","2011"
89,5,40,2,3,5,12,NA,"EMPTY","2012"
89,5,40,2,3,5,12,NA,"EMPTY","2013"
90,21,85.7,6,1,7,10,NA,"GRACKLE","2002"
90,21,85.7,6,1,7,10,NA,"GRACKLE","2003"
90,21,85.7,6,1,7,10,NA,"EMPTY","2004"
90,21,85.7,6,1,7,10,NA,"KESTRELS","2005"
90,21,85.7,6,1,7,10,NA,"DOWN","2006"
90,21,85.7,6,1,7,10,NA,"MOVED","2007"
90,21,85.7,6,1,7,10,NA,"GRACKLE","2008"
90,21,85.7,6,1,7,10,NA,"KESTRELS","2009"
90,21,85.7,6,1,7,10,NA,"KESTRELS","2010"
90,21,85.7,6,1,7,10,NA,"KESTRELS","2011"
90,21,85.7,6,1,7,10,NA,"KESTRELS","2012"
90,21,85.7,6,1,7,10,NA,"KESTRELS","2013"
91,10,42.9,3,4,7,12,NA,"EMPTY","2002"
91,10,42.9,3,4,7,12,NA,"KESTRELS","2003"
91,10,42.9,3,4,7,12,NA,"EMPTY","2004"
91,10,42.9,3,4,7,12,NA,"KESTRELS","2005"
91,10,42.9,3,4,7,12,NA,"EMPTY","2006"
91,10,42.9,3,4,7,12,NA,"EMPTY","2007"
91,10,42.9,3,4,7,12,NA,"STARLING","2008"
91,10,42.9,3,4,7,12,NA,"EMPTY","2009"
91,10,42.9,3,4,7,12,NA,"GRACKLE","2010"
91,10,42.9,3,4,7,12,NA,"KESTRELS","2011"
91,10,42.9,3,4,7,12,NA,"EMPTY","2012"
91,10,42.9,3,4,7,12,NA,"EMPTY","2013"
92,12,100,3,0,3,12,NA,"KESTRELS","2002"
92,12,100,3,0,3,12,NA,"GRACKLE","2003"
92,12,100,3,0,3,12,NA,"GRACKLE","2004"
92,12,100,3,0,3,12,NA,"GRACKLE","2005"
92,12,100,3,0,3,12,NA,"EMPTY","2006"
92,12,100,3,0,3,12,NA,"GRACKLE","2007"
92,12,100,3,0,3,12,NA,"GRACKLE","2008"
92,12,100,3,0,3,12,NA,"STARLING","2009"
92,12,100,3,0,3,12,NA,"GRACKLE","2010"
92,12,100,3,0,3,12,NA,"KESTRELS","2011"
92,12,100,3,0,3,12,NA,"INSECTS","2012"
92,12,100,3,0,3,12,NA,"KESTRELS","2013"
93,12,100,3,0,3,9,NA,"EMPTY","2002"
93,12,100,3,0,3,9,NA,"EMPTY","2003"
93,12,100,3,0,3,9,NA,"GRACKLE","2004"
93,12,100,3,0,3,9,NA,"DOWN","2005"
93,12,100,3,0,3,9,NA,"DOWN","2006"
93,12,100,3,0,3,9,NA,"MOVED","2007"
93,12,100,3,0,3,9,NA,"Unknown Bird","2008"
93,12,100,3,0,3,9,NA,"EMPTY","2009"
93,12,100,3,0,3,9,NA,"EMPTY","2010"
93,12,100,3,0,3,9,NA,"KESTRELS","2011"
93,12,100,3,0,3,9,NA,"KESTRELS","2012"
93,12,100,3,0,3,9,NA,"KESTRELS","2013"
94,4,100,2,0,2,10,NA,"EMPTY","2002"
94,4,100,2,0,2,10,NA,"EMPTY","2003"
94,4,100,2,0,2,10,NA,"KESTRELS","2004"
94,4,100,2,0,2,10,NA,"KESTRELS","2005"
94,4,100,2,0,2,10,NA,"EMPTY","2006"
94,4,100,2,0,2,10,NA,"EMPTY","2007"
94,4,100,2,0,2,10,NA,"EMPTY","2008"
94,4,100,2,0,2,10,NA,"BROKEN","2009"
94,4,100,2,0,2,10,NA,"Down","2010"
94,4,100,2,0,2,10,NA,"EMPTY","2011"
94,4,100,2,0,2,10,NA,"EMPTY","2012"
94,4,100,2,0,2,10,NA,"EMPTY","2013"
95,5,100,1,0,1,8,NA,"EMPTY","2002"
95,5,100,1,0,1,8,NA,"KESTRELS","2003"
95,5,100,1,0,1,8,NA,"DOWN","2004"
95,5,100,1,0,1,8,NA,"DOWN","2005"
95,5,100,1,0,1,8,NA,"DOWN","2006"
95,5,100,1,0,1,8,NA,"MOVED","2007"
95,5,100,1,0,1,8,NA,"EMPTY","2008"
95,5,100,1,0,1,8,NA,"STARLING","2009"
95,5,100,1,0,1,8,NA,"EMPTY","2010"
95,5,100,1,0,1,8,NA,"EMPTY","2011"
95,5,100,1,0,1,8,NA,"GRACKLE","2012"
95,5,100,1,0,1,8,NA,"EMPTY","2013"
96,7,50,2,2,4,12,NA,"TREESWALLOW","2002"
96,7,50,2,2,4,12,NA,"GRACKLE","2003"
96,7,50,2,2,4,12,NA,"EMPTY","2004"
96,7,50,2,2,4,12,NA,"EMPTY","2005"
96,7,50,2,2,4,12,NA,"EMPTY","2006"
96,7,50,2,2,4,12,NA,"GRACKLE","2007"
96,7,50,2,2,4,12,NA,"EMPTY","2008"
96,7,50,2,2,4,12,NA,"EMPTY","2009"
96,7,50,2,2,4,12,NA,"EMPTY","2010"
96,7,50,2,2,4,12,NA,"KESTRELS","2011"
96,7,50,2,2,4,12,NA,"KESTRELS","2012"
96,7,50,2,2,4,12,NA,"EMPTY","2013"
97,12,50,3,3,6,11,NA,"EMPTY","2002"
97,12,50,3,3,6,11,NA,"MOUSE","2003"
97,12,50,3,3,6,11,NA,"KESTRELS","2004"
97,12,50,3,3,6,11,NA,"KESTRELS","2005"
97,12,50,3,3,6,11,NA,"EMPTY","2006"
97,12,50,3,3,6,11,NA,"EMPTY","2007"
97,12,50,3,3,6,11,NA,"EMPTY","2008"
97,12,50,3,3,6,11,NA,"EMPTY","2009"
97,12,50,3,3,6,11,NA,"KESTRELS","2010"
97,12,50,3,3,6,11,NA,"EMPTY","2011"
97,12,50,3,3,6,11,NA,"Down","2012"
97,12,50,3,3,6,11,NA,"EMPTY","2013"
98,0,0,0,2,2,10,NA,"EMPTY","2002"
98,0,0,0,2,2,10,NA,"EMPTY","2003"
98,0,0,0,2,2,10,NA,"EMPTY","2004"
98,0,0,0,2,2,10,NA,"EMPTY","2005"
98,0,0,0,2,2,10,NA,"DOWN","2006"
98,0,0,0,2,2,10,NA,"MOVED","2007"
98,0,0,0,2,2,10,NA,"SQUIRREL","2008"
98,0,0,0,2,2,10,NA,"MICE","2009"
98,0,0,0,2,2,10,NA,"EMPTY","2010"
98,0,0,0,2,2,10,NA,"EMPTY","2011"
98,0,0,0,2,2,10,NA,"EMPTY","2012"
98,0,0,0,2,2,10,NA,"Squirrel","2013"
99,0,0,0,5,5,12,NA,"EMPTY","2002"
99,0,0,0,5,5,12,NA,"EMPTY","2003"
99,0,0,0,5,5,12,NA,"EMPTY","2004"
99,0,0,0,5,5,12,NA,"KESTRELS","2005"
99,0,0,0,5,5,12,NA,"EMPTY","2006"
99,0,0,0,5,5,12,NA,"GRACKLE","2007"
99,0,0,0,5,5,12,NA,"EMPTY","2008"
99,0,0,0,5,5,12,NA,"EMPTY","2009"
99,0,0,0,5,5,12,NA,"EMPTY","2010"
99,0,0,0,5,5,12,NA,"EMPTY","2011"
99,0,0,0,5,5,12,NA,"EMPTY","2012"
99,0,0,0,5,5,12,NA,"EMPTY","2013"
100,3,100,1,0,1,11,NA,"EMPTY","2002"
100,3,100,1,0,1,11,NA,"EMPTY","2003"
100,3,100,1,0,1,11,NA,"GRACKLE","2004"
100,3,100,1,0,1,11,NA,"EMPTY","2005"
100,3,100,1,0,1,11,NA,"EMPTY","2006"
100,3,100,1,0,1,11,NA,"EMPTY","2007"
100,3,100,1,0,1,11,NA,"EMPTY","2008"
100,3,100,1,0,1,11,NA,"EMPTY","2009"
100,3,100,1,0,1,11,NA,"Down","2010"
100,3,100,1,0,1,11,NA,"EMPTY","2011"
100,3,100,1,0,1,11,NA,"EMPTY","2012"
100,3,100,1,0,1,11,NA,"KESTRELS","2013"
101,7,33.4,2,4,6,12,NA,"GRACKLE","2002"
101,7,33.4,2,4,6,12,NA,"EMPTY","2003"
101,7,33.4,2,4,6,12,NA,"EMPTY","2004"
101,7,33.4,2,4,6,12,NA,"EMPTY","2005"
101,7,33.4,2,4,6,12,NA,"EMPTY","2006"
101,7,33.4,2,4,6,12,NA,"EMPTY","2007"
101,7,33.4,2,4,6,12,NA,"GRACKLE","2008"
101,7,33.4,2,4,6,12,NA,"EMPTY","2009"
101,7,33.4,2,4,6,12,NA,"KESTRELS","2010"
101,7,33.4,2,4,6,12,NA,"KESTRELS","2011"
101,7,33.4,2,4,6,12,NA,"EMPTY","2012"
101,7,33.4,2,4,6,12,NA,"EMPTY","2013"
102,0,0,0,0,0,12,NA,"GRACKLE","2002"
102,0,0,0,0,0,12,NA,"GRACKLE","2003"
102,0,0,0,0,0,12,NA,"GRACKLE","2004"
102,0,0,0,0,0,12,NA,"GRACKLE","2005"
102,0,0,0,0,0,12,NA,"GRACKLE","2006"
102,0,0,0,0,0,12,NA,"GRACKLE","2007"
102,0,0,0,0,0,12,NA,"GRACKLE","2008"
102,0,0,0,0,0,12,NA,"GRACKLE","2009"
102,0,0,0,0,0,12,NA,"GRACKLE","2010"
102,0,0,0,0,0,12,NA,"GRACKLE","2011"
102,0,0,0,0,0,12,NA,"GRACKLE","2012"
102,0,0,0,0,0,12,NA,"EMPTY","2013"
103,5,25,1,3,4,11,NA,"EMPTY","2002"
103,5,25,1,3,4,11,NA,"EMPTY","2003"
103,5,25,1,3,4,11,NA,"MOUSE","2004"
103,5,25,1,3,4,11,NA,"EMPTY","2005"
103,5,25,1,3,4,11,NA,"EMPTY","2006"
103,5,25,1,3,4,11,NA,"MOVED","2007"
103,5,25,1,3,4,11,NA,"EMPTY","2008"
103,5,25,1,3,4,11,NA,"EMPTY","2009"
103,5,25,1,3,4,11,NA,"INSECTS","2010"
103,5,25,1,3,4,11,NA,"EMPTY","2011"
103,5,25,1,3,4,11,NA,"KESTRELS","2012"
103,5,25,1,3,4,11,NA,"EMPTY","2013"
104,4,33.4,1,2,3,12,NA,"GRACKLE","2002"
104,4,33.4,1,2,3,12,NA,"GRACKLE","2003"
104,4,33.4,1,2,3,12,NA,"EMPTY","2004"
104,4,33.4,1,2,3,12,NA,"EMPTY","2005"
104,4,33.4,1,2,3,12,NA,"EMPTY","2006"
104,4,33.4,1,2,3,12,NA,"EMPTY","2007"
104,4,33.4,1,2,3,12,NA,"GRACKLE","2008"
104,4,33.4,1,2,3,12,NA,"GRACKLE","2009"
104,4,33.4,1,2,3,12,NA,"KESTRELS","2010"
104,4,33.4,1,2,3,12,NA,"EMPTY","2011"
104,4,33.4,1,2,3,12,NA,"EMPTY","2012"
104,4,33.4,1,2,3,12,NA,"EMPTY","2013"
105,21,83.3,5,1,6,12,NA,"EMPTY","2002"
105,21,83.3,5,1,6,12,NA,"KESTRELS","2003"
105,21,83.3,5,1,6,12,NA,"EMPTY","2004"
105,21,83.3,5,1,6,12,NA,"GRACKLE","2005"
105,21,83.3,5,1,6,12,NA,"HOUSE SPARROW","2006"
105,21,83.3,5,1,6,12,NA,"SPARROW","2007"
105,21,83.3,5,1,6,12,NA,"GRACKLE","2008"
105,21,83.3,5,1,6,12,NA,"EMPTY","2009"
105,21,83.3,5,1,6,12,NA,"KESTRELS","2010"
105,21,83.3,5,1,6,12,NA,"KESTRELS","2011"
105,21,83.3,5,1,6,12,NA,"KESTRELS","2012"
105,21,83.3,5,1,6,12,NA,"KESTRELS","2013"
106,5,33.4,1,2,3,12,NA,"GRACKLE","2002"
106,5,33.4,1,2,3,12,NA,"EMPTY","2003"
106,5,33.4,1,2,3,12,NA,"GRACKLE","2004"
106,5,33.4,1,2,3,12,NA,"EMPTY","2005"
106,5,33.4,1,2,3,12,NA,"EMPTY","2006"
106,5,33.4,1,2,3,12,NA,"GRACKLE","2007"
106,5,33.4,1,2,3,12,NA,"EMPTY","2008"
106,5,33.4,1,2,3,12,NA,"EMPTY","2009"
106,5,33.4,1,2,3,12,NA,"EMPTY","2010"
106,5,33.4,1,2,3,12,NA,"KESTRELS","2011"
106,5,33.4,1,2,3,12,NA,"GRACKLE","2012"
106,5,33.4,1,2,3,12,NA,"EMPTY","2013"
107,3,100,1,0,1,12,NA,"KESTRELS","2002"
107,3,100,1,0,1,12,NA,"GRACKLE","2003"
107,3,100,1,0,1,12,NA,"GRACKLE","2004"
107,3,100,1,0,1,12,NA,"GRACKLE","2005"
107,3,100,1,0,1,12,NA,"EMPTY","2006"
107,3,100,1,0,1,12,NA,"GRACKLE","2007"
107,3,100,1,0,1,12,NA,"GRACKLE","2008"
107,3,100,1,0,1,12,NA,"STARLING","2009"
107,3,100,1,0,1,12,NA,"GRACKLE","2010"
107,3,100,1,0,1,12,NA,"STARLING","2011"
107,3,100,1,0,1,12,NA,"STARLING","2012"
107,3,100,1,0,1,12,NA,"EMPTY","2013"
108,3,25,1,3,4,12,NA,"KESTRELS","2002"
108,3,25,1,3,4,12,NA,"EMPTY","2003"
108,3,25,1,3,4,12,NA,"EMPTY","2004"
108,3,25,1,3,4,12,NA,"GRACKLE","2005"
108,3,25,1,3,4,12,NA,"GRACKLE","2006"
108,3,25,1,3,4,12,NA,"GRACKLE","2007"
108,3,25,1,3,4,12,NA,"EMPTY","2008"
108,3,25,1,3,4,12,NA,"GRACKLE","2009"
108,3,25,1,3,4,12,NA,"EMPTY","2010"
108,3,25,1,3,4,12,NA,"EMPTY","2011"
108,3,25,1,3,4,12,NA,"GRACKLE","2012"
108,3,25,1,3,4,12,NA,"GRACKLE","2013"
109,5,100,1,0,1,12,NA,"EMPTY","2002"
109,5,100,1,0,1,12,NA,"GRACKLE","2003"
109,5,100,1,0,1,12,NA,"GRACKLE","2004"
109,5,100,1,0,1,12,NA,"EMPTY","2005"
109,5,100,1,0,1,12,NA,"EMPTY","2006"
109,5,100,1,0,1,12,NA,"GRACKLE","2007"
109,5,100,1,0,1,12,NA,"EMPTY","2008"
109,5,100,1,0,1,12,NA,"GRACKLE","2009"
109,5,100,1,0,1,12,NA,"GRACKLE","2010"
109,5,100,1,0,1,12,NA,"down","2011"
109,5,100,1,0,1,12,NA,"KESTRELS","2012"
109,5,100,1,0,1,12,NA,"EMPTY","2013"
110,13,57.1,4,3,7,12,NA,"STARLING","2002"
110,13,57.1,4,3,7,12,NA,"EMPTY","2003"
110,13,57.1,4,3,7,12,NA,"GRACKLE","2004"
110,13,57.1,4,3,7,12,NA,"EMPTY","2005"
110,13,57.1,4,3,7,12,NA,"GRACKLE","2006"
110,13,57.1,4,3,7,12,NA,"KESTRELS","2007"
110,13,57.1,4,3,7,12,NA,"EMPTY","2008"
110,13,57.1,4,3,7,12,NA,"GRACKLE","2009"
110,13,57.1,4,3,7,12,NA,"KESTRELS","2010"
110,13,57.1,4,3,7,12,NA,"KESTRELS","2011"
110,13,57.1,4,3,7,12,NA,"KESTRELS","2012"
110,13,57.1,4,3,7,12,NA,"EMPTY","2013"
111,9,28.5,2,5,7,11,NA,"EMPTY","2002"
111,9,28.5,2,5,7,11,NA,"EMPTY","2003"
111,9,28.5,2,5,7,11,NA,"EMPTY","2004"
111,9,28.5,2,5,7,11,NA,"EMPTY","2005"
111,9,28.5,2,5,7,11,NA,"EMPTY","2006"
111,9,28.5,2,5,7,11,NA,"MOVED","2007"
111,9,28.5,2,5,7,11,NA,"EMPTY","2008"
111,9,28.5,2,5,7,11,NA,"EMPTY","2009"
111,9,28.5,2,5,7,11,NA,"KESTRELS","2010"
111,9,28.5,2,5,7,11,NA,"EMPTY","2011"
111,9,28.5,2,5,7,11,NA,"EMPTY","2012"
111,9,28.5,2,5,7,11,NA,"KESTRELS","2013"
112,0,0,0,1,1,11,NA,"EMPTY","2002"
112,0,0,0,1,1,11,NA,"EMPTY","2003"
112,0,0,0,1,1,11,NA,"EMPTY","2004"
112,0,0,0,1,1,11,NA,"EMPTY","2005"
112,0,0,0,1,1,11,NA,"EMPTY","2006"
112,0,0,0,1,1,11,NA,"MOVED","2007"
112,0,0,0,1,1,11,NA,"STARLING","2008"
112,0,0,0,1,1,11,NA,"EMPTY","2009"
112,0,0,0,1,1,11,NA,"Mouse Nest","2010"
112,0,0,0,1,1,11,NA,"EMPTY","2011"
112,0,0,0,1,1,11,NA,"EMPTY","2012"
112,0,0,0,1,1,11,NA,"EMPTY","2013"
113,15,80,4,1,5,11,NA,"","2002"
113,15,80,4,1,5,11,NA,"EMPTY","2003"
113,15,80,4,1,5,11,NA,"GRACKLE","2004"
113,15,80,4,1,5,11,NA,"KESTRELS","2005"
113,15,80,4,1,5,11,NA,"EMPTY","2006"
113,15,80,4,1,5,11,NA,"KESTRELS","2007"
113,15,80,4,1,5,11,NA,"KESTRELS","2008"
113,15,80,4,1,5,11,NA,"KESTRELS","2009"
113,15,80,4,1,5,11,NA,"EMPTY","2010"
113,15,80,4,1,5,11,NA,"EMPTY","2011"
113,15,80,4,1,5,11,NA,"EMPTY","2012"
113,15,80,4,1,5,11,NA,"EMPTY","2013"
114,5,100,1,0,1,11,NA,"","2002"
114,5,100,1,0,1,11,NA,"EMPTY","2003"
114,5,100,1,0,1,11,NA,"STARLING","2004"
114,5,100,1,0,1,11,NA,"EMPTY","2005"
114,5,100,1,0,1,11,NA,"EMPTY","2006"
114,5,100,1,0,1,11,NA,"EMPTY","2007"
114,5,100,1,0,1,11,NA,"GRACKLE","2008"
114,5,100,1,0,1,11,NA,"STARLING","2009"
114,5,100,1,0,1,11,NA,"KESTRELS","2010"
114,5,100,1,0,1,11,NA,"EMPTY","2011"
114,5,100,1,0,1,11,NA,"EMPTY","2012"
114,5,100,1,0,1,11,NA,"EMPTY","2013"
115,2,50,2,2,4,11,NA,"","2002"
115,2,50,2,2,4,11,NA,"EMPTY","2003"
115,2,50,2,2,4,11,NA,"EMPTY","2004"
115,2,50,2,2,4,11,NA,"KESTRELS","2005"
115,2,50,2,2,4,11,NA,"KESTRELS","2006"
115,2,50,2,2,4,11,NA,"EMPTY","2007"
115,2,50,2,2,4,11,NA,"EMPTY","2008"
115,2,50,2,2,4,11,NA,"KESTRELS","2009"
115,2,50,2,2,4,11,NA,"EMPTY","2010"
115,2,50,2,2,4,11,NA,"EMPTY","2011"
115,2,50,2,2,4,11,NA,"EMPTY","2012"
115,2,50,2,2,4,11,NA,"EMPTY","2013"
116,0,0,0,5,5,11,NA,"","2002"
116,0,0,0,5,5,11,NA,"EMPTY","2003"
116,0,0,0,5,5,11,NA,"EMPTY","2004"
116,0,0,0,5,5,11,NA,"EMPTY","2005"
116,0,0,0,5,5,11,NA,"EMPTY","2006"
116,0,0,0,5,5,11,NA,"EMPTY","2007"
116,0,0,0,5,5,11,NA,"EMPTY","2008"
116,0,0,0,5,5,11,NA,"EMPTY","2009"
116,0,0,0,5,5,11,NA,"EMPTY","2010"
116,0,0,0,5,5,11,NA,"EMPTY","2011"
116,0,0,0,5,5,11,NA,"EMPTY","2012"
116,0,0,0,5,5,11,NA,"EMPTY","2013"
117,22,50,5,5,10,11,NA,"","2002"
117,22,50,5,5,10,11,NA,"EMPTY","2003"
117,22,50,5,5,10,11,NA,"KESTRELS","2004"
117,22,50,5,5,10,11,NA,"EMPTY","2005"
117,22,50,5,5,10,11,NA,"EMPTY","2006"
117,22,50,5,5,10,11,NA,"KESTRELS","2007"
117,22,50,5,5,10,11,NA,"KESTRELS","2008"
117,22,50,5,5,10,11,NA,"EMPTY","2009"
117,22,50,5,5,10,11,NA,"KESTRELS","2010"
117,22,50,5,5,10,11,NA,"EMPTY","2011"
117,22,50,5,5,10,11,NA,"KESTRELS","2012"
117,22,50,5,5,10,11,NA,"KESTRELS","2013"
118,22,100,6,0,6,11,NA,"","2002"
118,22,100,6,0,6,11,NA,"GRACKLE","2003"
118,22,100,6,0,6,11,NA,"KESTRELS","2004"
118,22,100,6,0,6,11,NA,"KESTRELS","2005"
118,22,100,6,0,6,11,NA,"EMPTY","2006"
118,22,100,6,0,6,11,NA,"KESTRELS","2007"
118,22,100,6,0,6,11,NA,"KESTRELS","2008"
118,22,100,6,0,6,11,NA,"KESTRELS","2009"
118,22,100,6,0,6,11,NA,"EMPTY","2010"
118,22,100,6,0,6,11,NA,"GRACKLE","2011"
118,22,100,6,0,6,11,NA,"STARLING","2012"
118,22,100,6,0,6,11,NA,"KESTRELS","2013"
119,3,40,2,3,5,11,NA,"","2002"
119,3,40,2,3,5,11,NA,"EMPTY","2003"
119,3,40,2,3,5,11,NA,"GRACKLE","2004"
119,3,40,2,3,5,11,NA,"STARLING","2005"
119,3,40,2,3,5,11,NA,"EMPTY","2006"
119,3,40,2,3,5,11,NA,"GRACKLE","2007"
119,3,40,2,3,5,11,NA,"KESTRELS","2008"
119,3,40,2,3,5,11,NA,"EMPTY","2009"
119,3,40,2,3,5,11,NA,"EMPTY","2010"
119,3,40,2,3,5,11,NA,"KESTRELS","2011"
119,3,40,2,3,5,11,NA,"EMPTY","2012"
119,3,40,2,3,5,11,NA,"EMPTY","2013"
120,4,40,2,3,5,11,NA,"","2002"
120,4,40,2,3,5,11,NA,"KESTRELS","2003"
120,4,40,2,3,5,11,NA,"GRACKLE","2004"
120,4,40,2,3,5,11,NA,"GRACKLE","2005"
120,4,40,2,3,5,11,NA,"EMPTY","2006"
120,4,40,2,3,5,11,NA,"GRACKLE","2007"
120,4,40,2,3,5,11,NA,"EMPTY","2008"
120,4,40,2,3,5,11,NA,"EMPTY","2009"
120,4,40,2,3,5,11,NA,"KESTRELS","2010"
120,4,40,2,3,5,11,NA,"EMPTY","2011"
120,4,40,2,3,5,11,NA,"EMPTY","2012"
120,4,40,2,3,5,11,NA,"EMPTY","2013"
121,19,100,5,0,5,11,NA,"","2002"
121,19,100,5,0,5,11,NA,"GRACKLE","2003"
121,19,100,5,0,5,11,NA,"GRACKLE","2004"
121,19,100,5,0,5,11,NA,"EMPTY","2005"
121,19,100,5,0,5,11,NA,"EMPTY","2006"
121,19,100,5,0,5,11,NA,"INSECTS","2007"
121,19,100,5,0,5,11,NA,"KESTRELS","2008"
121,19,100,5,0,5,11,NA,"KESTRELS","2009"
121,19,100,5,0,5,11,NA,"KESTRELS","2010"
121,19,100,5,0,5,11,NA,"KESTRELS","2011"
121,19,100,5,0,5,11,NA,"EMPTY","2012"
121,19,100,5,0,5,11,NA,"KESTRELS","2013"
122,13,100,5,0,5,11,NA,"","2002"
122,13,100,5,0,5,11,NA,"GRACKLE","2003"
122,13,100,5,0,5,11,NA,"EMPTY","2004"
122,13,100,5,0,5,11,NA,"INSECTS","2005"
122,13,100,5,0,5,11,NA,"INSECTS","2006"
122,13,100,5,0,5,11,NA,"INSECTS","2007"
122,13,100,5,0,5,11,NA,"STARLING","2008"
122,13,100,5,0,5,11,NA,"KESTRELS","2009"
122,13,100,5,0,5,11,NA,"KESTRELS","2010"
122,13,100,5,0,5,11,NA,"KESTRELS","2011"
122,13,100,5,0,5,11,NA,"KESTRELS","2012"
122,13,100,5,0,5,11,NA,"KESTRELS","2013"
123,15,83.3,5,1,6,7,NA,"","2002"
123,15,83.3,5,1,6,7,NA,"GRACKLE","2003"
123,15,83.3,5,1,6,7,NA,"MOVE","2004"
123,15,83.3,5,1,6,7,NA,"DOWN","2005"
123,15,83.3,5,1,6,7,NA,"DOWN","2006"
123,15,83.3,5,1,6,7,NA,"MOVED","2007"
123,15,83.3,5,1,6,7,NA,"KESTRELS","2008"
123,15,83.3,5,1,6,7,NA,"KESTRELS","2009"
123,15,83.3,5,1,6,7,NA,"KESTRELS","2010"
123,15,83.3,5,1,6,7,NA,"KESTRELS","2011"
123,15,83.3,5,1,6,7,NA,"KESTRELS","2012"
123,15,83.3,5,1,6,7,NA,"EMPTY","2013"
124,16,66.7,4,2,6,11,NA,"","2002"
124,16,66.7,4,2,6,11,NA,"KESTRELS","2003"
124,16,66.7,4,2,6,11,NA,"EMPTY","2004"
124,16,66.7,4,2,6,11,NA,"GRACKLE","2005"
124,16,66.7,4,2,6,11,NA,"EMPTY","2006"
124,16,66.7,4,2,6,11,NA,"EMPTY","2007"
124,16,66.7,4,2,6,11,NA,"EMPTY","2008"
124,16,66.7,4,2,6,11,NA,"EMPTY","2009"
124,16,66.7,4,2,6,11,NA,"EMPTY","2010"
124,16,66.7,4,2,6,11,NA,"KESTRELS","2011"
124,16,66.7,4,2,6,11,NA,"KESTRELS","2012"
124,16,66.7,4,2,6,11,NA,"KESTRELS","2013"
125,0,0,0,5,5,11,NA,"","2002"
125,0,0,0,5,5,11,NA,"EMPTY","2003"
125,0,0,0,5,5,11,NA,"GRACKLE","2004"
125,0,0,0,5,5,11,NA,"EMPTY","2005"
125,0,0,0,5,5,11,NA,"EMPTY","2006"
125,0,0,0,5,5,11,NA,"EMPTY","2007"
125,0,0,0,5,5,11,NA,"EMPTY","2008"
125,0,0,0,5,5,11,NA,"EMPTY","2009"
125,0,0,0,5,5,11,NA,"EMPTY","2010"
125,0,0,0,5,5,11,NA,"EMPTY","2011"
125,0,0,0,5,5,11,NA,"Swallows","2012"
125,0,0,0,5,5,11,NA,"EMPTY","2013"
126,13,62.5,5,3,8,11,NA,"","2002"
126,13,62.5,5,3,8,11,NA,"EMPTY","2003"
126,13,62.5,5,3,8,11,NA,"EMPTY","2004"
126,13,62.5,5,3,8,11,NA,"KESTRELS","2005"
126,13,62.5,5,3,8,11,NA,"EMPTY","2006"
126,13,62.5,5,3,8,11,NA,"KESTRELS","2007"
126,13,62.5,5,3,8,11,NA,"KESTRELS","2008"
126,13,62.5,5,3,8,11,NA,"KESTRELS","2009"
126,13,62.5,5,3,8,11,NA,"EMPTY","2010"
126,13,62.5,5,3,8,11,NA,"Roost","2011"
126,13,62.5,5,3,8,11,NA,"EMPTY","2012"
126,13,62.5,5,3,8,11,NA,"KESTRELS","2013"
127,21,100,5,0,5,10,NA,"","2002"
127,21,100,5,0,5,10,NA,"","2003"
127,21,100,5,0,5,10,NA,"GRACKLE","2004"
127,21,100,5,0,5,10,NA,"KESTRELS","2005"
127,21,100,5,0,5,10,NA,"EMPTY","2006"
127,21,100,5,0,5,10,NA,"MOVED","2007"
127,21,100,5,0,5,10,NA,"KESTRELS","2008"
127,21,100,5,0,5,10,NA,"KESTRELS","2009"
127,21,100,5,0,5,10,NA,"KESTRELS","2010"
127,21,100,5,0,5,10,NA,"KESTRELS","2011"
127,21,100,5,0,5,10,NA,"KESTRELS","2012"
127,21,100,5,0,5,10,NA,"EMPTY","2013"
128,10,60,3,2,5,11,NA,"","2002"
128,10,60,3,2,5,11,NA,"","2003"
128,10,60,3,2,5,11,NA,"STARLING","2004"
128,10,60,3,2,5,11,NA,"EMPTY","2005"
128,10,60,3,2,5,11,NA,"EMPTY","2006"
128,10,60,3,2,5,11,NA,"EMPTY","2007"
128,10,60,3,2,5,11,NA,"EMPTY","2008"
128,10,60,3,2,5,11,NA,"GRACKLE","2009"
128,10,60,3,2,5,11,NA,"KESTRELS","2010"
128,10,60,3,2,5,11,NA,"KESTRELS","2011"
128,10,60,3,2,5,11,NA,"GRACKLE","2012"
128,10,60,3,2,5,11,NA,"KESTRELS","2013"
129,6,100,2,0,2,11,NA,"","2002"
129,6,100,2,0,2,11,NA,"","2003"
129,6,100,2,0,2,11,NA,"KESTRELS","2004"
129,6,100,2,0,2,11,NA,"KESTRELS","2005"
129,6,100,2,0,2,11,NA,"INSECTS","2006"
129,6,100,2,0,2,11,NA,"EMPTY","2007"
129,6,100,2,0,2,11,NA,"EMPTY","2008"
129,6,100,2,0,2,11,NA,"EMPTY","2009"
129,6,100,2,0,2,11,NA,"GRACKLE","2010"
129,6,100,2,0,2,11,NA,"EMPTY","2011"
129,6,100,2,0,2,11,NA,"EMPTY","2012"
129,6,100,2,0,2,11,NA,"EMPTY","2013"
130,0,0,0,2,2,9,NA,"","2002"
130,0,0,0,2,2,9,NA,"","2003"
130,0,0,0,2,2,9,NA,"GRACKLE","2004"
130,0,0,0,2,2,9,NA,"GRACKLE","2005"
130,0,0,0,2,2,9,NA,"EMPTY","2006"
130,0,0,0,2,2,9,NA,"EMPTY","2007"
130,0,0,0,2,2,9,NA,"GRACKLE","2008"
130,0,0,0,2,2,9,NA,"DOWN","2009"
130,0,0,0,2,2,9,NA,"Down","2010"
130,0,0,0,2,2,9,NA,"EMPTY","2011"
130,0,0,0,2,2,9,NA,"EMPTY","2012"
130,0,0,0,2,2,9,NA,"EMPTY","2013"
131,0,0,0,0,0,5,NA,"","2002"
131,0,0,0,0,0,5,NA,"","2003"
131,0,0,0,0,0,5,NA,"","2004"
131,0,0,0,0,0,5,NA,"","2005"
131,0,0,0,0,0,5,NA,"","2006"
131,0,0,0,0,0,5,NA,"","2007"
131,0,0,0,0,0,5,NA,"","2008"
131,0,0,0,0,0,5,NA,"EMPTY","2009"
131,0,0,0,0,0,5,NA,"EMPTY","2010"
131,0,0,0,0,0,5,NA,"EMPTY","2011"
131,0,0,0,0,0,5,NA,"EMPTY","2012"
131,0,0,0,0,0,5,NA,"EMPTY","2013"
132,15,100,3,0,3,5,NA,"","2002"
132,15,100,3,0,3,5,NA,"","2003"
132,15,100,3,0,3,5,NA,"","2004"
132,15,100,3,0,3,5,NA,"","2005"
132,15,100,3,0,3,5,NA,"","2006"
132,15,100,3,0,3,5,NA,"","2007"
132,15,100,3,0,3,5,NA,"","2008"
132,15,100,3,0,3,5,NA,"GRACKLE","2009"
132,15,100,3,0,3,5,NA,"KESTRELS","2010"
132,15,100,3,0,3,5,NA,"KESTRELS","2011"
132,15,100,3,0,3,5,NA,"KESTRELS","2012"
132,15,100,3,0,3,5,NA,"EMPTY","2013"
133,10,66.7,2,1,3,5,NA,"","2002"
133,10,66.7,2,1,3,5,NA,"","2003"
133,10,66.7,2,1,3,5,NA,"","2004"
133,10,66.7,2,1,3,5,NA,"","2005"
133,10,66.7,2,1,3,5,NA,"","2006"
133,10,66.7,2,1,3,5,NA,"","2007"
133,10,66.7,2,1,3,5,NA,"","2008"
133,10,66.7,2,1,3,5,NA,"EMPTY","2009"
133,10,66.7,2,1,3,5,NA,"KESTRELS","2010"
133,10,66.7,2,1,3,5,NA,"EMPTY","2011"
133,10,66.7,2,1,3,5,NA,"EMPTY","2012"
133,10,66.7,2,1,3,5,NA,"KESTRELS","2013"
134,0,0,0,3,3,5,NA,"","2002"
134,0,0,0,3,3,5,NA,"","2003"
134,0,0,0,3,3,5,NA,"","2004"
134,0,0,0,3,3,5,NA,"","2005"
134,0,0,0,3,3,5,NA,"","2006"
134,0,0,0,3,3,5,NA,"","2007"
134,0,0,0,3,3,5,NA,"","2008"
134,0,0,0,3,3,5,NA,"EMPTY","2009"
134,0,0,0,3,3,5,NA,"GRACKLE","2010"
134,0,0,0,3,3,5,NA,"EMPTY","2011"
134,0,0,0,3,3,5,NA,"EMPTY","2012"
134,0,0,0,3,3,5,NA,"EMPTY","2013"
135,15,60,3,2,5,5,NA,"","2002"
135,15,60,3,2,5,5,NA,"","2003"
135,15,60,3,2,5,5,NA,"","2004"
135,15,60,3,2,5,5,NA,"","2005"
135,15,60,3,2,5,5,NA,"","2006"
135,15,60,3,2,5,5,NA,"","2007"
135,15,60,3,2,5,5,NA,"","2008"
135,15,60,3,2,5,5,NA,"KESTRELS","2009"
135,15,60,3,2,5,5,NA,"EMPTY","2010"
135,15,60,3,2,5,5,NA,"KESTRELS","2011"
135,15,60,3,2,5,5,NA,"EMPTY","2012"
135,15,60,3,2,5,5,NA,"EMPTY","2013"
136,2,33.4,1,2,3,5,NA,"","2002"
136,2,33.4,1,2,3,5,NA,"","2003"
136,2,33.4,1,2,3,5,NA,"","2004"
136,2,33.4,1,2,3,5,NA,"","2005"
136,2,33.4,1,2,3,5,NA,"","2006"
136,2,33.4,1,2,3,5,NA,"","2007"
136,2,33.4,1,2,3,5,NA,"","2008"
136,2,33.4,1,2,3,5,NA,"EMPTY","2009"
136,2,33.4,1,2,3,5,NA,"EMPTY","2010"
136,2,33.4,1,2,3,5,NA,"EMPTY","2011"
136,2,33.4,1,2,3,5,NA,"EMPTY","2012"
136,2,33.4,1,2,3,5,NA,"KESTRELS","2013"
137,9,100,2,0,2,5,NA,"","2002"
137,9,100,2,0,2,5,NA,"","2003"
137,9,100,2,0,2,5,NA,"","2004"
137,9,100,2,0,2,5,NA,"","2005"
137,9,100,2,0,2,5,NA,"","2006"
137,9,100,2,0,2,5,NA,"","2007"
137,9,100,2,0,2,5,NA,"","2008"
137,9,100,2,0,2,5,NA,"EMPTY","2009"
137,9,100,2,0,2,5,NA,"EMPTY","2010"
137,9,100,2,0,2,5,NA,"EMPTY","2011"
137,9,100,2,0,2,5,NA,"KESTRELS","2012"
137,9,100,2,0,2,5,NA,"KESTRELS","2013"
138,10,66.7,2,1,3,5,NA,"","2002"
138,10,66.7,2,1,3,5,NA,"","2003"
138,10,66.7,2,1,3,5,NA,"","2004"
138,10,66.7,2,1,3,5,NA,"","2005"
138,10,66.7,2,1,3,5,NA,"","2006"
138,10,66.7,2,1,3,5,NA,"","2007"
138,10,66.7,2,1,3,5,NA,"","2008"
138,10,66.7,2,1,3,5,NA,"EMPTY","2009"
138,10,66.7,2,1,3,5,NA,"EMPTY","2010"
138,10,66.7,2,1,3,5,NA,"STARLING","2011"
138,10,66.7,2,1,3,5,NA,"KESTRELS","2012"
138,10,66.7,2,1,3,5,NA,"KESTRELS","2013"
139,5,25,1,3,4,5,NA,"","2002"
139,5,25,1,3,4,5,NA,"","2003"
139,5,25,1,3,4,5,NA,"","2004"
139,5,25,1,3,4,5,NA,"","2005"
139,5,25,1,3,4,5,NA,"","2006"
139,5,25,1,3,4,5,NA,"","2007"
139,5,25,1,3,4,5,NA,"","2008"
139,5,25,1,3,4,5,NA,"EMPTY","2009"
139,5,25,1,3,4,5,NA,"KESTRELS","2010"
139,5,25,1,3,4,5,NA,"EMPTY","2011"
139,5,25,1,3,4,5,NA,"EMPTY","2012"
139,5,25,1,3,4,5,NA,"EMPTY","2013"
140,0,0,0,1,1,4,NA,"","2002"
140,0,0,0,1,1,4,NA,"","2003"
140,0,0,0,1,1,4,NA,"","2004"
140,0,0,0,1,1,4,NA," ","2005"
140,0,0,0,1,1,4,NA,"","2006"
140,0,0,0,1,1,4,NA,"","2007"
140,0,0,0,1,1,4,NA,"","2008"
140,0,0,0,1,1,4,NA,"EMPTY","2009"
140,0,0,0,1,1,4,NA,"Down","2010"
140,0,0,0,1,1,4,NA,"down","2011"
140,0,0,0,1,1,4,NA,"EMPTY","2012"
140,0,0,0,1,1,4,NA,"EMPTY","2013"
141,0,33.4,1,2,3,5,NA,"","2002"
141,0,33.4,1,2,3,5,NA,"","2003"
141,0,33.4,1,2,3,5,NA,"","2004"
141,0,33.4,1,2,3,5,NA,"","2005"
141,0,33.4,1,2,3,5,NA,"","2006"
141,0,33.4,1,2,3,5,NA,"","2007"
141,0,33.4,1,2,3,5,NA,"","2008"
141,0,33.4,1,2,3,5,NA,"EMPTY","2009"
141,0,33.4,1,2,3,5,NA,"EMPTY","2010"
141,0,33.4,1,2,3,5,NA,"EMPTY","2011"
141,0,33.4,1,2,3,5,NA,"EMPTY","2012"
141,0,33.4,1,2,3,5,NA,"EMPTY","2013"
142,7,66.7,2,1,3,5,NA,"","2002"
142,7,66.7,2,1,3,5,NA,"","2003"
142,7,66.7,2,1,3,5,NA,"","2004"
142,7,66.7,2,1,3,5,NA,"","2005"
142,7,66.7,2,1,3,5,NA,"","2006"
142,7,66.7,2,1,3,5,NA,"","2007"
142,7,66.7,2,1,3,5,NA,"","2008"
142,7,66.7,2,1,3,5,NA,"GRACKLE","2009"
142,7,66.7,2,1,3,5,NA,"EMPTY","2010"
142,7,66.7,2,1,3,5,NA,"GRACKLE","2011"
142,7,66.7,2,1,3,5,NA,"KESTRELS","2012"
142,7,66.7,2,1,3,5,NA,"KESTRELS","2013"
143,0,0,0,2,2,5,NA,"","2002"
143,0,0,0,2,2,5,NA,"","2003"
143,0,0,0,2,2,5,NA,"","2004"
143,0,0,0,2,2,5,NA,"","2005"
143,0,0,0,2,2,5,NA,"","2006"
143,0,0,0,2,2,5,NA,"","2007"
143,0,0,0,2,2,5,NA,"","2008"
143,0,0,0,2,2,5,NA,"EMPTY","2009"
143,0,0,0,2,2,5,NA,"EMPTY","2010"
143,0,0,0,2,2,5,NA,"GRACKLE","2011"
143,0,0,0,2,2,5,NA,"EMPTY","2012"
143,0,0,0,2,2,5,NA,"EMPTY","2013"
144,2,100,1,0,1,5,NA,"","2002"
144,2,100,1,0,1,5,NA,"","2003"
144,2,100,1,0,1,5,NA,"","2004"
144,2,100,1,0,1,5,NA,"","2005"
144,2,100,1,0,1,5,NA,"","2006"
144,2,100,1,0,1,5,NA,"","2007"
144,2,100,1,0,1,5,NA,"","2008"
144,2,100,1,0,1,5,NA,"KESTRELS","2009"
144,2,100,1,0,1,5,NA,"GRACKLE","2010"
144,2,100,1,0,1,5,NA,"EMPTY","2011"
144,2,100,1,0,1,5,NA,"Squirrel","2012"
144,2,100,1,0,1,5,NA,"EMPTY","2013"
145,3,50,1,1,2,5,NA,"","2002"
145,3,50,1,1,2,5,NA,"","2003"
145,3,50,1,1,2,5,NA,"","2004"
145,3,50,1,1,2,5,NA,"","2005"
145,3,50,1,1,2,5,NA,"","2006"
145,3,50,1,1,2,5,NA,"","2007"
145,3,50,1,1,2,5,NA,"","2008"
145,3,50,1,1,2,5,NA,"KESTRELS","2009"
145,3,50,1,1,2,5,NA,"EMPTY","2010"
145,3,50,1,1,2,5,NA,"EMPTY","2011"
145,3,50,1,1,2,5,NA,"EMPTY","2012"
145,3,50,1,1,2,5,NA,"KESTRELS","2013"
146,0,0,0,0,0,3,NA,"","2002"
146,0,0,0,0,0,3,NA,"","2003"
146,0,0,0,0,0,3,NA,"","2004"
146,0,0,0,0,0,3,NA,"","2005"
146,0,0,0,0,0,3,NA,"","2006"
146,0,0,0,0,0,3,NA,"","2007"
146,0,0,0,0,0,3,NA,"","2008"
146,0,0,0,0,0,3,NA,"","2009"
146,0,0,0,0,0,3,NA,"Put Up","2010"
146,0,0,0,0,0,3,NA,"EMPTY","2011"
146,0,0,0,0,0,3,NA,"EMPTY","2012"
146,0,0,0,0,0,3,NA,"EMPTY","2013"
147,13,100,3,0,3,3,NA,"","2002"
147,13,100,3,0,3,3,NA,"","2003"
147,13,100,3,0,3,3,NA,"","2004"
147,13,100,3,0,3,3,NA,"","2005"
147,13,100,3,0,3,3,NA,"","2006"
147,13,100,3,0,3,3,NA,"","2007"
147,13,100,3,0,3,3,NA,"","2008"
147,13,100,3,0,3,3,NA,"","2009"
147,13,100,3,0,3,3,NA,"Put Up","2010"
147,13,100,3,0,3,3,NA,"KESTRELS","2011"
147,13,100,3,0,3,3,NA,"KESTRELS","2012"
147,13,100,3,0,3,3,NA,"KESTRELS","2013"
148,0,0,0,1,1,3,NA,"","2002"
148,0,0,0,1,1,3,NA,"","2003"
148,0,0,0,1,1,3,NA,"","2004"
148,0,0,0,1,1,3,NA,"","2005"
148,0,0,0,1,1,3,NA,"","2006"
148,0,0,0,1,1,3,NA,"","2007"
148,0,0,0,1,1,3,NA,"","2008"
148,0,0,0,1,1,3,NA,"","2009"
148,0,0,0,1,1,3,NA,"Put Up","2010"
148,0,0,0,1,1,3,NA,"EMPTY","2011"
148,0,0,0,1,1,3,NA,"EMPTY","2012"
148,0,0,0,1,1,3,NA,"EMPTY","2013"
149,3,33.4,1,2,3,3,NA,"","2002"
149,3,33.4,1,2,3,3,NA,"","2003"
149,3,33.4,1,2,3,3,NA,"","2004"
149,3,33.4,1,2,3,3,NA,"","2005"
149,3,33.4,1,2,3,3,NA,"","2006"
149,3,33.4,1,2,3,3,NA,"","2007"
149,3,33.4,1,2,3,3,NA,"","2008"
149,3,33.4,1,2,3,3,NA,"","2009"
149,3,33.4,1,2,3,3,NA,"Put Up","2010"
149,3,33.4,1,2,3,3,NA,"EMPTY","2011"
149,3,33.4,1,2,3,3,NA,"EMPTY","2012"
149,3,33.4,1,2,3,3,NA,"KESTRELS","2013"
150,0,0,0,1,1,3,NA,"","2002"
150,0,0,0,1,1,3,NA,"","2003"
150,0,0,0,1,1,3,NA,"","2004"
150,0,0,0,1,1,3,NA,"","2005"
150,0,0,0,1,1,3,NA,"","2006"
150,0,0,0,1,1,3,NA,"","2007"
150,0,0,0,1,1,3,NA,"","2008"
150,0,0,0,1,1,3,NA,"","2009"
150,0,0,0,1,1,3,NA,"Put Up","2010"
150,0,0,0,1,1,3,NA,"EMPTY","2011"
150,0,0,0,1,1,3,NA,"EMPTY","2012"
150,0,0,0,1,1,3,NA,"EMPTY","2013"
151,0,0,0,0,0,1,NA,"","2002"
151,0,0,0,0,0,1,NA,"","2003"
151,0,0,0,0,0,1,NA,"","2004"
151,0,0,0,0,0,1,NA,"","2005"
151,0,0,0,0,0,1,NA,"","2006"
151,0,0,0,0,0,1,NA,"","2007"
151,0,0,0,0,0,1,NA,"","2008"
151,0,0,0,0,0,1,NA,"","2009"
151,0,0,0,0,0,1,NA,"","2010"
151,0,0,0,0,0,1,NA,"","2011"
151,0,0,0,0,0,1,NA,"Put Up","2012"
151,0,0,0,0,0,1,NA,"EMPTY","2013"
NA,NA,NA,NA,NA,NA,NA,NA,"","2002"
NA,NA,NA,NA,NA,NA,NA,NA,"","2003"
NA,NA,NA,NA,NA,NA,NA,NA,"","2004"
NA,NA,NA,NA,NA,NA,NA,NA,"","2005"
NA,NA,NA,NA,NA,NA,NA,NA,"","2006"
NA,NA,NA,NA,NA,NA,NA,NA,"","2007"
NA,NA,NA,NA,NA,NA,NA,NA,"","2008"
NA,NA,NA,NA,NA,NA,NA,NA,"","2009"
NA,NA,NA,NA,NA,NA,NA,NA,"","2010"
NA,NA,NA,NA,NA,NA,NA,NA,"","2011"
NA,NA,NA,NA,NA,NA,NA,NA,"","2012"
NA,NA,NA,NA,NA,NA,NA,NA,"","2013"
NA,NA,NA,NA,NA,NA,NA,NA,"","2002"
NA,NA,NA,NA,NA,NA,NA,NA,"","2003"
NA,NA,NA,NA,NA,NA,NA,NA,"","2004"
NA,NA,NA,NA,NA,NA,NA,NA,"","2005"
NA,NA,NA,NA,NA,NA,NA,NA,"","2006"
NA,NA,NA,NA,NA,NA,NA,NA,"","2007"
NA,NA,NA,NA,NA,NA,NA,NA,"","2008"
NA,NA,NA,NA,NA,NA,NA,NA,"","2009"
NA,NA,NA,NA,NA,NA,NA,NA,"","2010"
NA,NA,NA,NA,NA,NA,NA,NA,"","2011"
NA,NA,NA,NA,NA,NA,NA,NA,"","2012"
NA,NA,NA,NA,NA,NA,NA,NA,"","2013"
NA,NA,NA,NA,NA,NA,NA,NA,"","2002"
NA,NA,NA,NA,NA,NA,NA,NA,"","2003"
NA,NA,NA,NA,NA,NA,NA,NA,"","2004"
NA,NA,NA,NA,NA,NA,NA,NA,"","2005"
NA,NA,NA,NA,NA,NA,NA,NA,"","2006"
NA,NA,NA,NA,NA,NA,NA,NA,"","2007"
NA,NA,NA,NA,NA,NA,NA,NA,"","2008"
NA,NA,NA,NA,NA,NA,NA,NA,"","2009"
NA,NA,NA,NA,NA,NA,NA,NA,"","2010"
NA,NA,NA,NA,NA,NA,NA,NA,"","2011"
NA,NA,NA,NA,NA,NA,NA,NA,"","2012"
NA,NA,NA,NA,NA,NA,NA,NA,"","2013"
NA,NA,NA,NA,NA,NA,NA,NA,"","2002"
NA,NA,NA,NA,NA,NA,NA,NA,"","2003"
NA,NA,NA,NA,NA,NA,NA,NA,"","2004"
NA,NA,NA,NA,NA,NA,NA,NA,"","2005"
NA,NA,NA,NA,NA,NA,NA,NA,"","2006"
NA,NA,NA,NA,NA,NA,NA,NA,"","2007"
NA,NA,NA,NA,NA,NA,NA,NA,"","2008"
NA,NA,NA,NA,NA,NA,NA,NA,"","2009"
NA,NA,NA,NA,NA,NA,NA,NA,"","2010"
NA,NA,NA,NA,NA,NA,NA,NA,"","2011"
NA,NA,NA,NA,NA,NA,NA,NA,"","2012"
NA,NA,NA,NA,NA,NA,NA,NA,"","2013"
